20 20 80
82 44 95 69 51 30 99 47 97 12 20 95 29 89 37 60 70 72 69 15
106 125 140 126 125 120 123 115 125 110 99 99 110 105 113 118 114 109 125 113 125 136 124 138 136 113 125 137 120 123 122 99 123 99 122 137 119 131 107 135 110 129 100 121 100 102 134 99 117 113 116 135 126 101 103 138 134 122 104 124 129 102 134 102 108 112 110 136 120 140 106 102 130 108 136 106 139 106 121 113
0 5629 5265 7049 8035 5616 5365 7341 686 7939 762 5282 8168 381 7350 5594 1220 913 187 1385 784 1424 7763 8427 5813 5925 7985 4782 7690 5400 7541 685 7675 368 7288 5103 161 243 5256 7690 414 239 735 7698 506 5462 444 5576 625 6008 7401 7935 4861 387 1124 599 623 7169 938 5523 7738 7434 5537 8602 686 848 920 5353 6925 292 889 7375 6947 7674 8585 6975 5173 8108 1737 7481 5796
5629 0 635 6201 6860 253 1298 6881 5735 6843 6368 1069 6780 5767 6274 1018 4409 6406 5599 4262 6194 4843 6694 7128 237 686 7623 1412 6772 1107 6796 5022 7457 5272 6901 587 5785 5647 650 6948 5623 5654 6151 6911 5732 783 6067 174 6123 569 7043 7352 1171 5323 4714 6023 5241 6500 4930 252 7022 6602 1508 7536 5058 4886 5056 961 6500 5890 6473 5913 6184 7468 7675 6037 474 7036 5755 6965 788
5265 635 0 5611 6301 840 1735 6283 5437 6278 6018 1479 6235 5437 5698 1535 4056 6082 5253 3932 5878 4615 6125 6582 868 1310 7030 1641 6196 1559 6210 4694 6856 4900 6300 763 5416 5306 1016 6365 5220 5313 5739 6329 5416 1266 5708 474 5723 1204 6443 6766 1396 4984 4289 5616 4832 5906 4636 392 6438 6018 1984 6981 4659 4484 4626 1397 5895 5512 6130 5355 5590 6866 7111 5449 631 6474 5568 6370 1378
7049 6201 5611 0 986 6438 7299 713 7665 891 7629 7041 1151 7420 344 7142 6499 7896 7187 6593 7821 7599 714 1379 6401 6885 1424 7017 668 7141 607 7002 1297 6789 763 6308 7099 7261 6596 769 6693 7261 6900 745 7515 6870 7359 6027 7001 6730 890 1158 6818 7085 6051 6883 6433 315 7203 5952 840 431 7564 1587 6437 6334 6143 6979 512 7081 7773 738 120 1311 1629 169 6204 1068 8495 771 6981
8035 6860 6301 986 0 7105 8021 1001 8649 122 8615 7762 291 8406 702 7835 7470 8883 8172 7559 8807 8566 275 393 7045 7533 1174 7784 413 7854 641 7982 1292 7773 1094 7028 8086 8247 7307 591 7680 8246 7884 538 8501 7567 8346 6688 7986 7363 1101 829 7574 8069 7033 7868 7419 929 8179 6617 617 645 8279 683 7421 7317 7129 7691 1242 8067 8759 947 1092 1308 819 1069 6914 194 9471 900 7648
5616 253 840 6438 7105 0 1054 7114 5692 7086 6346 836 7027 5738 6515 765 4396 6371 5577 4239 6156 4774 6936 7375 224 474 7858 1224 7013 863 7034 4995 7689 5262 7133 513 5773 5623 460 7187 5628 5630 6160 7150 5697 538 6050 419 6125 425 7276 7590 995 5299 4734 6028 5251 6735 4887 488 7261 6840 1257 7782 5063 4893 5078 723 6730 5882 6447 6158 6419 7700 7919 6274 457 7280 5666 7199 544
5365 1298 1735 7299 8021 1054 0 7953 5315 7994 6046 259 7962 5419 7404 358 4178 6020 5292 3987 5797 4312 7837 8309 1231 898 8707 586 7900 192 7903 4699 8517 5038 7964 994 5525 5326 720 8060 5454 5334 5988 8027 5353 516 5774 1441 5930 1107 8108 8457 597 5011 4643 5848 5104 7586 4533 1489 8133 7713 272 8703 4903 4745 4984 343 7551 5648 6128 7077 7269 8527 8827 7140 1109 8190 5105 8047 691
7341 6881 6283 713 1001 7114 7953 0 7981 879 7876 7696 1278 7718 834 7807 6891 8156 7490 7003 8098 7998 792 1331 7084 7566 760 7650 601 7799 368 7355 586 7106 94 6965 7377 7563 7257 428 6967 7562 7126 470 7823 7534 7622 6706 7236 7416 178 598 7458 7412 6397 7123 6737 398 7575 6631 440 480 8220 1317 6761 6672 6455 7638 438 7346 8018 1339 702 599 1255 881 6866 945 8859 141 7657
686 5735 5437 7665 8649 5692 5315 7981 0 8556 828 5264 8773 329 7959 5577 1441 712 508 1517 486 1060 8379 9040 5900 5957 8636 4747 8313 5374 8170 781 8328 877 7930 5181 730 443 5299 8322 1099 447 1298 8327 184 5476 708 5702 1158 6063 8046 8577 4859 588 1635 1190 1246 7797 806 5657 8370 8057 5460 9228 1228 1344 1525 5347 7560 841 860 7962 7565 8328 9219 7584 5267 8728 1069 8120 5810
7939 6843 6278 891 122 7086 7994 879 8556 0 8514 7735 405 8310 629 7813 7385 8783 8077 7476 8709 8483 179 500 7030 7518 1092 7749 291 7828 519 7892 1189 7679 973 7000 7988 8151 7282 474 7581 8151 7782 419 8406 7544 8246 6670 7884 7350 982 743 7541 7976 6942 7767 7323 813 8092 6599 505 530 8254 728 7328 7225 7034 7666 1123 7968 8658 936 992 1206 833 986 6889 198 9383 780 7630
762 6368 6018 7629 8615 6346 6046 7876 828 8514 0 5978 8763 630 7940 6290 1963 316 769 2107 423 1876 8341 9008 6547 6641 8489 5469 8257 6093 8096 1356 8174 1130 7817 5833 628 725 5975 8241 972 717 774 8252 721 6171 321 6320 647 6733 7923 8463 5562 1047 1865 754 1325 7729 1520 6269 8284 8000 6206 9158 1432 1601 1614 6054 7470 581 145 7996 7523 8172 9128 7565 5908 8677 1768 8017 6506
5282 1069 1479 7041 7762 836 259 7696 5264 7735 5978 0 7704 5353 7145 313 4082 5965 5218 3898 5743 4281 7578 8051 1030 779 8450 525 7641 132 7644 4625 8260 4947 7707 735 5442 5255 464 7801 5353 5263 5888 7768 5293 313 5699 1203 5836 965 7851 8198 429 4936 4520 5750 4995 7328 4474 1246 7874 7455 525 8444 4796 4635 4863 119 7295 5562 6065 6818 7012 8270 8568 6882 851 7931 5106 7790 586
8168 6780 6235 1151 291 7027 7962 1278 8773 405 8763 7704 0 8536 824 7766 7566 9026 8301 7648 8944 8657 502 348 6958 7447 1452 7745 678 7792 912 8093 1581 7898 1372 6970 8224 8376 7246 878 7820 8376 8040 823 8627 7500 8489 6609 8139 7272 1386 1111 7530 8190 7149 8020 7549 1157 8282 6540 907 880 8218 782 7544 7435 7257 7629 1479 8209 8907 906 1266 1598 973 1198 6853 445 9574 1184 7568
381 5767 5437 7420 8406 5738 5419 7718 329 8310 630 5353 8536 0 7719 5666 1387 647 237 1507 462 1272 8134 8797 5941 6024 8364 4843 8063 5467 7916 745 8055 658 7666 5225 402 163 5360 8066 786 162 974 8072 147 5551 418 5725 836 6120 7780 8313 4940 456 1442 862 987 7544 890 5676 8113 7807 5576 8976 1011 1153 1280 5431 7301 512 712 7737 7319 8054 8961 7344 5304 8480 1398 7858 5886
7350 6274 5698 344 702 6515 7404 834 7959 629 7940 7145 824 7719 0 7232 6770 8204 7485 6858 8124 7866 453 1084 6467 6953 1422 7145 498 7241 569 7286 1372 7083 911 6410 7404 7559 6695 696 6999 7559 7217 649 7812 6962 7667 6100 7315 6791 1006 1105 6940 7377 6339 7197 6732 499 7481 6027 770 378 7666 1356 6730 6623 6441 7079 795 7388 8085 506 464 1388 1438 375 6302 824 8773 834 7059
5594 1018 1535 7142 7835 765 358 7807 5577 7813 6290 313 7766 5666 7232 0 4392 6278 5530 4210 6056 4591 7660 8113 912 541 8557 833 7730 211 7742 4937 8377 5259 7822 864 5754 5568 566 7897 5662 5575 6197 7862 5606 274 6011 1177 6146 753 7966 8298 736 5249 4824 6060 5303 7434 4786 1236 7971 7550 498 8515 5105 4943 5167 252 7414 5874 6378 6889 7118 8388 8646 6980 945 8008 5409 7898 334
1220 4409 4056 6499 7470 4396 4178 6891 1441 7385 1963 4082 7566 1387 6770 4392 0 2034 1196 224 1839 1108 7206 7854 4592 4710 7589 3592 7161 4203 7040 662 7296 869 6851 3883 1377 1251 4040 7198 1278 1257 1811 7196 1383 4252 1658 4358 1754 4790 6977 7489 3657 931 681 1671 952 6664 736 4306 7253 6909 4363 8083 746 618 931 4149 6458 1488 2074 6720 6408 7298 8098 6401 3953 7567 2014 7027 4585
913 6406 6082 7896 8883 6371 6020 8156 712 8783 316 5965 9026 647 8204 6278 2034 0 855 2151 226 1766 8609 9275 6576 6648 8777 5450 8528 6076 8371 1388 8463 1264 8099 5859 817 790 5987 8517 1208 785 1083 8527 675 6171 537 6366 951 6749 8207 8746 5556 1103 2037 1049 1523 8003 1492 6318 8561 8272 6168 9433 1599 1757 1820 6046 7748 816 225 8248 7791 8461 9406 7829 5941 8948 1514 8297 6505
187 5599 5253 7187 8172 5577 5292 7490 508 8077 769 5218 8301 237 7485 5530 1196 855 0 1338 690 1264 7901 8564 5777 5875 8139 4713 7831 5334 7684 594 7830 422 7438 5064 295 75 5208 7835 597 76 899 7841 335 5407 482 5551 777 5964 7552 8085 4800 281 1206 768 754 7312 807 5500 7883 7575 5458 8745 774 918 1044 5292 7071 433 878 7501 7086 7830 8731 7110 5139 8248 1551 7630 5741
1385 4262 3932 6593 7559 4239 3987 7003 1517 7476 2107 3898 7648 1507 6858 4210 224 2151 1338 0 1946 1009 7297 7940 4439 4541 7709 3403 7258 4018 7143 763 7419 1051 6966 3726 1545 1385 3872 7302 1481 1392 2010 7298 1484 4077 1812 4218 1945 4627 7093 7600 3476 1061 896 1868 1170 6767 746 4169 7358 7007 4167 8180 964 841 1155 3968 6568 1664 2210 6792 6505 7422 8200 6491 3801 7660 1968 7137 4411
784 6194 5878 7821 8807 6156 5797 8098 486 8709 423 5743 8944 462 8124 6056 1839 226 690 1946 0 1541 8534 9199 6363 6429 8730 5228 8458 5854 8305 1185 8418 1110 8043 5644 722 619 5769 8453 1131 615 1111 8462 462 5951 501 6156 970 6532 8153 8690 5335 914 1893 1049 1406 7935 1273 6109 8499 8202 5944 9367 1457 1607 1704 5825 7685 759 401 8156 7717 8417 9345 7749 5727 8876 1345 8239 6285
1424 4843 4615 7599 8566 4774 4312 7998 1060 8483 1876 4281 8657 1272 7866 4591 1108 1766 1264 1009 1541 0 8304 8948 4989 5001 8697 3758 8262 4385 8144 846 8404 1302 7959 4270 1558 1256 4358 8303 1750 1265 2158 8300 1157 4512 1687 4829 2041 5123 8085 8596 3890 1051 1691 2022 1642 7768 540 4793 8358 8011 4441 9184 1490 1482 1799 4371 7564 1698 1919 7801 7510 8406 9202 7498 4370 8666 1000 8133 4843
7763 6694 6125 714 275 6936 7837 792 8379 179 8341 7578 502 8134 453 7660 7206 8609 7901 7297 8534 8304 0 668 6883 7370 1135 7587 197 7673 424 7714 1183 7502 885 6844 7812 7975 7126 438 7406 7975 7609 378 8229 7390 8072 6520 7711 7204 919 788 7380 7799 6764 7594 7147 662 7913 6449 492 380 8098 902 7151 7047 6857 7510 980 7793 8485 806 818 1199 992 806 6733 371 9205 715 7480
8427 7128 6582 1379 393 7375 8309 1331 9040 500 9008 8051 348 8797 1084 8113 7854 9275 8564 7940 9199 8948 668 0 7306 7795 1310 8090 782 8139 993 8369 1503 8164 1421 7317 8478 8638 7593 903 8072 8638 8278 862 8891 7847 8738 6956 8379 7619 1399 1004 7875 8459 7421 8261 7810 1312 8565 6888 904 1029 8565 458 7811 7706 7520 7976 1617 8460 9152 1245 1485 1518 674 1456 7200 386 9857 1211 7916
5813 237 868 6401 7045 224 1231 7084 5900 7030 6547 1030 6958 5941 6467 912 4592 6576 5777 4439 6363 4989 6883 7306 0 489 7824 1443 6965 1040 6993 5197 7663 5457 7106 720 5969 5824 683 7144 5817 5831 6347 7106 5902 721 6248 396 6315 339 7248 7550 1218 5500 4915 6217 5437 6702 5095 478 7218 6798 1410 7719 5251 5080 5258 914 6707 6076 6649 6098 6386 7674 7861 6236 639 7222 5885 7166 631
5925 686 1310 6885 7533 474 898 7566 5957 7518 6641 779 7447 6024 6953 541 4710 6648 5875 4541 6429 5001 7370 7795 489 0 8307 1286 7451 729 7478 5286 8143 5579 7586 884 6084 5917 671 7629 5962 5924 6496 7592 5974 495 6352 860 6455 221 7729 8035 1115 5594 5089 6362 5592 7184 5157 938 7704 7283 1011 8207 5399 5232 5434 666 7185 6198 6735 6586 6869 8154 8349 6720 882 7710 5854 7649 207
7985 7623 7030 1424 1174 7858 8707 760 8636 1092 8489 8450 1452 8364 1422 8557 7589 8777 8139 7709 8730 8697 1135 1310 7824 8307 0 8408 969 8552 855 8032 323 7764 767 7718 8013 8211 8009 732 7602 8210 7730 786 8474 8285 8247 7449 7845 8153 627 350 8216 8074 7074 7735 7390 1123 8261 7374 661 1052 8973 1038 7425 7344 7114 8390 1188 7974 8629 1899 1440 329 855 1590 7617 1007 9539 660 8402
4782 1412 1641 7017 7784 1224 586 7650 4747 7749 5469 525 7745 4843 7145 833 3592 5450 4713 3403 5228 3758 7587 8090 1443 1286 8408 0 7637 627 7624 4119 8203 4454 7655 897 4943 4748 767 7783 4868 4756 5402 7754 4780 794 5195 1503 5345 1452 7799 8173 249 4431 4058 5263 4518 7294 3960 1521 7855 7438 801 8467 4316 4159 4399 625 7238 5065 5554 6848 6979 8212 8579 6862 1041 7947 4581 7751 1105
7690 6772 6196 668 413 7013 7900 601 8313 291 8257 7641 678 8063 498 7730 7161 8528 7831 7258 8458 8262 197 782 6965 7451 969 7637 0 7738 234 7658 993 7436 695 6907 7736 7905 7192 248 7329 7905 7520 188 8161 7459 7992 6598 7624 7289 723 630 7433 7735 6705 7508 7077 534 7863 6526 310 257 8162 922 7086 6986 6789 7575 835 7714 8400 936 753 1009 965 794 6799 421 9153 519 7557
5400 1107 1559 7141 7854 863 192 7799 5374 7828 6093 132 7792 5467 7241 211 4203 6076 5334 4018 5854 4385 7673 8139 1040 729 8552 627 7738 0 7744 4741 8365 5067 7811 833 5561 5370 547 7900 5475 5378 6010 7866 5406 325 5815 1252 5957 931 7955 8298 558 5053 4647 5872 5119 7430 4586 1301 7973 7553 426 8535 4920 4759 4989 163 7400 5681 6178 6909 7113 8375 8661 6981 940 8024 5199 7892 526
7541 6796 6210 607 641 7034 7903 368 8170 519 8096 7644 912 7916 569 7742 7040 8371 7684 7143 8305 8144 424 993 6993 7478 855 7624 234 7744 0 7525 815 7293 462 6911 7583 7758 7199 164 7175 7758 7354 157 8016 7470 7835 6622 7460 7320 500 556 7425 7595 6570 7345 6930 376 7736 6548 232 198 8167 1062 6945 6849 6645 7582 636 7558 8239 1062 660 831 1058 763 6806 614 9024 299 7578
685 5022 4694 7002 7982 4995 4699 7355 781 7892 1356 4625 8093 745 7286 4937 662 1388 594 763 1185 846 7714 8369 5197 5286 8032 4119 7658 4741 7525 0 7731 463 7309 4481 844 631 4620 7680 929 639 1396 7682 725 4816 1076 4980 1301 5378 7430 7953 4208 313 958 1253 798 7150 307 4931 7732 7403 4865 8578 661 695 982 4699 6927 978 1452 7264 6907 7732 8580 6913 4559 8069 1507 7493 5150
7675 7457 6856 1297 1292 7689 8517 586 8328 1189 8174 8260 1581 8055 1372 8377 7296 8463 7830 7419 8418 8404 1183 1503 7663 8143 323 8203 993 8365 815 7731 0 7458 557 7532 7701 7903 7825 745 7290 7901 7413 806 8165 8104 7933 7283 7529 7995 415 502 8016 7769 6773 7420 7082 983 7963 7207 693 995 8785 1300 7120 7041 6808 8204 966 7661 8314 1873 1288 17 1142 1466 7435 1155 9238 541 8232
368 5272 4900 6789 7773 5262 5038 7106 877 7679 1130 4947 7898 658 7083 5259 869 1264 422 1051 1110 1302 7502 8164 5457 5579 7764 4454 7436 5067 7293 463 7458 0 7056 4750 515 495 4909 7445 470 497 971 7450 731 5121 812 5216 896 5658 7172 7702 4524 319 784 827 388 6920 767 5162 7494 7180 5217 8352 356 497 651 5016 6684 619 1255 7091 6689 7458 8343 6709 4818 7852 1829 7245 5454
7288 6901 6300 763 1094 7133 7964 94 7930 973 7817 7707 1372 7666 911 7822 6851 8099 7438 6966 8043 7959 885 1421 7106 7586 767 7655 695 7811 462 7309 557 7056 0 6978 7323 7511 7270 517 6912 7510 7066 561 7771 7549 7565 6726 7177 7438 144 647 7465 7363 6351 7064 6686 450 7532 6650 524 566 8231 1393 6712 6625 6405 7650 421 7290 7959 1414 738 568 1321 929 6880 1035 8815 216 7675
5103 587 763 6308 7028 513 994 6965 5181 7000 5833 735 6970 5225 6410 864 3883 5859 5064 3726 5644 4270 6844 7317 720 884 7718 897 6907 833 6911 4481 7532 4750 6978 0 5260 5109 298 7067 5118 5117 5650 7034 5184 595 5536 630 5615 916 7122 7465 649 4786 4229 5518 4742 6596 4375 634 7141 6721 1256 7709 4553 4383 4573 673 6567 5369 5933 6084 6280 7542 7833 6148 144 7197 5173 7059 838
161 5785 5416 7099 8086 5773 5525 7377 730 7988 628 5442 8224 402 7404 5754 1377 817 295 1545 722 1558 7812 8478 5969 6084 8013 4943 7736 5561 7583 844 7701 515 7323 5260 0 319 5414 7731 411 311 605 7740 546 5622 307 5730 483 6166 7434 7970 5021 540 1239 478 708 7213 1088 5677 7777 7480 5698 8645 805 974 1004 5513 6964 140 763 7439 6996 7700 8624 7028 5330 8155 1798 7518 5956
243 5647 5306 7261 8247 5623 5326 7563 443 8151 725 5255 8376 163 7559 5568 1251 790 75 1385 619 1256 7975 8638 5824 5917 8211 4748 7905 5370 7758 631 7903 495 7511 5109 319 0 5250 7909 657 9 922 7915 265 5447 455 5601 794 6008 7625 8158 4838 324 1279 796 828 7386 821 5551 7957 7649 5490 8818 848 991 1119 5330 7145 452 826 7575 7160 7902 8805 7184 5186 8322 1496 7703 5781
5256 650 1016 6596 7307 460 720 7257 5299 7282 5975 464 7246 5360 6695 566 4040 5987 5208 3872 5769 4358 7126 7593 683 671 8009 767 7192 547 7199 4620 7825 4909 7270 298 5414 5250 0 7355 5291 5258 5825 7321 5312 299 5684 760 5784 765 7414 7753 535 4928 4419 5691 4920 6886 4497 793 7428 7008 972 7988 4728 4561 4764 384 6860 5528 6071 6362 6570 7835 8115 6436 393 7477 5233 7349 578
7690 6948 6365 769 591 7187 8060 428 8322 474 8241 7801 878 8066 696 7897 7198 8517 7835 7302 8453 8303 438 903 7144 7629 732 7783 248 7900 164 7680 745 7445 517 7067 7731 7909 7355 0 7322 7908 7497 61 8167 7626 7982 6774 7604 7470 510 410 7584 7748 6724 7489 7081 535 7892 6700 74 347 8323 920 7097 7003 6796 7738 772 7705 8384 1167 824 762 900 921 6962 518 9180 311 7731
414 5623 5220 6693 7680 5628 5454 6967 1099 7581 972 5353 7820 786 6999 5662 1278 1208 597 1481 1131 1750 7406 8072 5817 5962 7602 4868 7329 5475 7175 929 7290 470 6912 5118 411 657 5291 7322 0 652 535 7331 918 5513 673 5558 502 6031 7023 7560 4926 706 949 400 392 6805 1225 5500 7368 7072 5641 8237 565 737 655 5416 6555 394 1116 7040 6589 7289 8215 6624 5178 7747 2147 7108 5845
239 5654 5313 7261 8246 5630 5334 7562 447 8151 717 5263 8376 162 7559 5575 1257 785 76 1392 615 1265 7975 8638 5831 5924 8210 4756 7905 5378 7758 639 7901 497 7510 5117 311 9 5258 7908 652 0 914 7914 268 5454 446 5608 786 6016 7624 8157 4846 331 1282 789 828 7386 829 5558 7956 7648 5498 8818 850 994 1119 5338 7144 444 819 7576 7160 7901 8804 7184 5193 8321 1502 7702 5789
735 6151 5739 6900 7884 6160 5988 7126 1298 7782 774 5888 8040 974 7217 6197 1811 1083 899 2010 1111 2158 7609 8278 6347 6496 7730 5402 7520 6010 7354 1396 7413 971 7066 5650 605 922 5825 7497 535 914 0 7510 1121 6048 623 6084 143 6564 7170 7711 5462 1118 1452 144 910 6991 1668 6025 7539 7264 6174 8416 1098 1267 1126 5952 6726 470 907 7292 6792 7411 8380 6842 5709 7941 2360 7267 6380
7698 6911 6329 745 538 7150 8027 470 8327 419 8252 7768 823 8072 649 7862 7196 8527 7841 7298 8462 8300 378 862 7106 7592 786 7754 188 7866 157 7682 806 7450 561 7034 7740 7915 7321 61 7331 7914 7510 0 8173 7591 7991 6737 7616 7432 563 457 7553 7752 6726 7501 7087 532 7892 6663 125 316 8290 906 7102 7006 6802 7704 788 7714 8395 1113 808 822 902 892 6928 478 9181 362 7694
506 5732 5416 7515 8501 5697 5353 7823 184 8406 721 5293 8627 147 7812 5606 1383 675 335 1484 462 1157 8229 8891 5902 5974 8474 4780 8161 5406 8016 725 8165 731 7771 5184 546 265 5312 8167 918 268 1121 8173 0 5497 550 5694 983 6074 7886 8418 4883 475 1506 1009 1086 7643 820 5646 8215 7905 5505 9075 1087 1215 1372 5373 7404 660 781 7822 7415 8165 9063 7437 5266 8577 1252 7963 5831
5462 783 1266 6870 7567 538 516 7534 5476 7544 6171 313 7500 5551 6962 274 4252 6171 5407 4077 5951 4512 7390 7847 721 495 8285 794 7459 325 7470 4816 8104 5121 7549 595 5622 5447 299 7626 5513 5454 6048 7591 5497 0 5886 932 6002 661 7692 8026 622 5126 4657 5912 5148 7162 4679 984 7699 7279 731 8247 4952 4788 5001 194 7140 5738 6263 6621 6845 8114 8377 6708 672 7739 5359 7625 335
444 6067 5708 7359 8346 6050 5774 7622 708 8246 321 5699 8489 418 7667 6011 1658 537 482 1812 501 1687 8072 8738 6248 6352 8247 5195 7992 5815 7835 1076 7933 812 7565 5536 307 455 5684 7982 673 446 623 7991 550 5886 0 6016 480 6439 7674 8212 5280 763 1545 549 1009 7467 1275 5963 8026 7735 5940 8897 1112 1280 1301 5772 7212 279 457 7712 7254 7931 8872 7292 5609 8411 1750 7763 6220
5576 174 474 6027 6688 419 1441 6706 5702 6670 6320 1203 6609 5725 6100 1177 4358 6366 5551 4218 6156 4829 6520 6956 396 860 7449 1503 6598 1252 6622 4980 7283 5216 6726 630 5730 5601 760 6774 5558 5608 6084 6737 5694 932 6016 0 6059 734 6869 7178 1257 5277 4641 5956 5173 6326 4897 82 6848 6428 1662 7364 4993 4820 4982 1100 6325 5833 6427 5740 6010 7294 7502 5863 495 6863 5754 6790 960
625 6123 5723 7001 7986 6125 5930 7236 1158 7884 647 5836 8139 836 7315 6146 1754 951 777 1945 970 2041 7711 8379 6315 6455 7845 5345 7624 5957 7460 1301 7529 896 7177 5615 483 794 5784 7604 502 786 143 7616 983 6002 480 6059 0 6527 7282 7822 5411 1011 1447 125 893 7096 1562 6002 7647 7368 6112 8522 1066 1239 1135 5902 6833 344 785 7383 6894 7527 8489 6941 5677 8044 2219 7377 6335
6008 569 1204 6730 7363 425 1107 7416 6063 7350 6733 965 7272 6120 6791 753 4790 6749 5964 4627 6532 5123 7204 7619 339 221 8153 1452 7289 931 7320 5378 7995 5658 7438 916 6166 6008 765 7470 6031 6016 6564 7432 6074 661 6439 734 6527 0 7580 7877 1260 5685 5145 6431 5656 7032 5260 816 7545 7125 1231 8035 5467 5298 5489 848 7040 6278 6830 6416 6717 8006 8180 6565 878 7541 5993 7496 423
7401 7043 6443 890 1101 7276 8108 178 8046 982 7923 7851 1386 7780 1006 7966 6977 8207 7552 7093 8153 8085 919 1399 7248 7729 627 7799 723 7955 500 7430 415 7172 144 7122 7434 7625 7414 510 7023 7624 7170 563 7886 7692 7674 6869 7282 7580 0 544 7609 7480 6472 7170 6801 575 7655 6793 496 642 8375 1327 6830 6745 6522 7794 564 7400 8065 1512 874 427 1234 1058 7023 1017 8936 204 7818
7935 7352 6766 1158 829 7590 8457 598 8577 743 8463 8198 1111 8313 1105 8298 7489 8746 8085 7600 8690 8596 788 1004 7550 8035 350 8173 630 8298 556 7953 502 7702 647 7465 7970 8158 7753 410 7560 8157 7711 457 8418 8026 8212 7178 7822 7877 544 0 7976 8008 6995 7710 7332 885 8173 7104 336 752 8721 818 7358 7270 7052 8136 1032 7937 8605 1566 1196 517 696 1318 7361 671 9457 463 8134
4861 1171 1396 6818 7574 995 597 7458 4859 7541 5562 429 7530 4940 6940 736 3657 5556 4800 3476 5335 3890 7380 7875 1218 1115 8216 249 7433 558 7425 4208 8016 4524 7465 649 5021 4838 535 7584 4926 4846 5462 7553 4883 622 5280 1257 5411 1260 7609 7976 0 4519 4091 5324 4568 7099 4064 1273 7656 7238 856 8256 4369 4207 4434 492 7050 5140 5651 6635 6783 8025 8371 6662 792 7738 4739 7558 953
387 5323 4984 7085 8069 5299 5011 7412 588 7976 1047 4936 8190 456 7377 5249 931 1103 281 1061 914 1051 7799 8459 5500 5594 8074 4431 7735 5053 7595 313 7769 319 7363 4786 540 324 4928 7748 706 331 1118 7752 475 5126 763 5277 1011 5685 7480 8008 4519 0 1047 978 707 7221 551 5228 7798 7480 5178 8652 651 757 962 5011 6989 678 1149 7375 6987 7769 8646 7003 4862 8150 1510 7551 5460
1124 4714 4289 6051 7033 4734 4643 6397 1635 6942 1865 4520 7149 1442 6339 4824 681 2037 1206 896 1893 1691 6764 7421 4915 5089 7074 4058 6705 4647 6570 958 6773 784 6351 4229 1239 1279 4419 6724 949 1282 1452 6726 1506 4657 1545 4641 1447 5145 6472 6995 4091 1047 0 1334 558 6195 1200 4581 6776 6450 4850 7624 438 291 345 4574 5970 1296 2002 6330 5954 6774 7624 5965 4280 7117 2465 6535 4984
599 6023 5616 6883 7868 6028 5848 7123 1190 7767 754 5750 8020 862 7197 6060 1671 1049 768 1868 1049 2022 7594 8261 6217 6362 7735 5263 7508 5872 7345 1253 7420 827 7064 5518 478 796 5691 7489 400 789 144 7501 1009 5912 549 5956 125 6431 7170 7710 5324 978 1334 0 784 6980 1527 5899 7532 7251 6033 8407 965 1137 1017 5814 6719 350 895 7262 6776 7418 8375 6822 5578 7928 2257 7264 6244
623 5241 4832 6433 7419 5251 5104 6737 1246 7323 1325 4995 7549 987 6732 5303 952 1523 754 1170 1406 1642 7147 7810 5437 5592 7390 4518 7077 5119 6930 798 7082 388 6686 4742 708 828 4920 7081 392 828 910 7087 1086 5148 1009 5173 893 5656 6801 7332 4568 707 558 784 0 6558 1102 5115 7129 6821 5298 7991 206 360 298 5056 6318 747 1465 6753 6332 7082 7978 6357 4800 7494 2217 6877 5479
7169 6500 5906 315 929 6735 7586 398 7797 813 7729 7328 1157 7544 499 7434 6664 8003 7312 6767 7935 7768 662 1312 6702 7184 1123 7294 534 7430 376 7150 983 6920 450 6596 7213 7386 6886 535 6805 7386 6991 532 7643 7162 7467 6326 7096 7032 575 885 7099 7221 6195 6980 6558 0 7360 6251 596 284 7852 1432 6571 6474 6272 7268 324 7189 7873 986 317 996 1433 483 6495 953 8649 465 7278
938 4930 4636 7203 8179 4887 4533 7575 806 8092 1520 4474 8282 890 7481 4786 736 1492 807 746 1273 540 7913 8565 5095 5157 8261 3960 7863 4586 7736 307 7963 767 7532 4375 1088 821 4497 7892 1225 829 1668 7892 820 4679 1275 4897 1562 5260 7655 8173 4064 551 1200 1527 1102 7360 0 4852 7946 7609 4688 8784 955 964 1270 4554 7145 1226 1596 7442 7110 7964 8792 7110 4461 8271 1292 7712 5013
5523 252 392 5952 6617 488 1489 6631 5657 6599 6269 1246 6540 5676 6027 1236 4306 6318 5500 4169 6109 4793 6449 6888 478 938 7374 1521 6526 1301 6548 4931 7207 5162 6650 634 5677 5551 793 6700 5500 5558 6025 6663 5646 984 5963 82 6002 816 6793 7104 1273 5228 4581 5899 5115 6251 4852 0 6774 6354 1716 7295 4936 4763 4921 1146 6249 5778 6377 5670 5935 7218 7431 5789 493 6793 5723 6715 1031
7738 7022 6438 840 617 7261 8133 440 8370 505 8284 7874 907 8113 770 7971 7253 8561 7883 7358 8499 8358 492 904 7218 7704 661 7855 310 7973 232 7732 693 7494 524 7141 7777 7957 7428 74 7368 7956 7539 125 8215 7699 8026 6848 7647 7545 496 336 7656 7798 6776 7532 7129 596 7946 6774 0 420 8397 884 7147 7054 6845 7811 814 7750 8427 1238 891 709 848 994 7035 521 9233 310 7805
7434 6602 6018 431 645 6840 7713 480 8057 530 8000 7455 880 7807 378 7550 6909 8272 7575 7007 8202 8011 380 1029 6798 7283 1052 7438 257 7553 198 7403 995 7180 566 6721 7480 7649 7008 347 7072 7648 7264 316 7905 7279 7735 6428 7368 7125 642 752 7238 7480 6450 7251 6821 284 7609 6354 420 0 7977 1175 6830 6731 6533 7391 600 7457 8144 879 503 1011 1201 576 6615 677 8900 459 7384
5537 1508 1984 7564 8279 1257 272 8220 5460 8254 6206 525 8218 5576 7666 498 4363 6168 5458 4167 5944 4441 8098 8565 1410 1011 8973 801 8162 426 8167 4865 8785 5217 8231 1256 5698 5490 972 8323 5641 5498 6174 8290 5505 731 5940 1662 6112 1231 8375 8721 856 5178 4850 6033 5298 7852 4688 1716 8397 7977 0 8960 5095 4941 5188 588 7819 5823 6283 7334 7535 8795 9087 7404 1365 8450 5201 8314 810
8602 7536 6981 1587 683 7782 8703 1317 9228 728 9158 8444 782 8976 1356 8515 8083 9433 8745 8180 9367 9184 902 458 7719 8207 1038 8467 922 8535 1062 8578 1300 8352 1393 7709 8645 8818 7988 920 8237 8818 8416 906 9075 8247 8897 7364 8522 8035 1327 818 8256 8652 7624 8407 7991 1432 8784 7295 884 1175 8960 0 8003 7905 7704 8372 1691 8620 9301 1626 1675 1313 235 1701 7595 532 10074 1179 8324
686 5058 4659 6437 7421 5063 4903 6761 1228 7328 1432 4796 7544 1011 6730 5105 746 1599 774 964 1457 1490 7151 7811 5251 5399 7425 4316 7086 4920 6945 661 7120 356 6712 4553 805 848 4728 7097 565 850 1098 7102 1087 4952 1112 4993 1066 5467 6830 7358 4369 651 438 965 206 6571 955 4936 7147 6830 5095 8003 0 175 323 4858 6338 872 1567 6736 6338 7120 7996 6356 4613 7501 2138 6900 5284
848 4886 4484 6334 7317 4893 4745 6672 1344 7225 1601 4635 7435 1153 6623 4943 618 1757 918 841 1607 1482 7047 7706 5080 5232 7344 4159 6986 4759 6849 695 7041 497 6625 4383 974 991 4561 7003 737 994 1267 7006 1215 4788 1280 4820 1239 5298 6745 7270 4207 757 291 1137 360 6474 964 4763 7054 6731 4941 7905 175 0 332 4696 6246 1046 1734 6619 6237 7042 7902 6250 4442 7400 2199 6810 5118
920 5056 4626 6143 7129 5078 4984 6455 1525 7034 1614 4863 7257 1280 6441 5167 931 1820 1044 1155 1704 1799 6857 7520 5258 5434 7114 4399 6789 4989 6645 982 6808 651 6405 4573 1004 1119 4764 6796 655 1119 1126 6802 1372 5001 1301 4982 1135 5489 6522 7052 4434 962 345 1017 298 6272 1270 4921 6845 6533 5188 7704 323 332 0 4918 6034 1033 1755 6458 6043 6808 7693 6066 4624 7205 2459 6595 5329
5353 961 1397 6979 7691 723 343 7638 5347 7666 6054 119 7629 5431 7079 252 4149 6046 5292 3968 5825 4371 7510 7976 914 666 8390 625 7575 163 7582 4699 8204 5016 7650 673 5513 5330 384 7738 5416 5338 5952 7704 5373 194 5772 1100 5902 848 7794 8136 492 5011 4574 5814 5056 7268 4554 1146 7811 7391 588 8372 4858 4696 4918 0 7239 5632 6143 6746 6951 8214 8499 6819 777 7862 5204 7731 480
6925 6500 5895 512 1242 6730 7551 438 7560 1123 7470 7295 1479 7301 795 7414 6458 7748 7071 6568 7685 7564 980 1617 6707 7185 1188 7238 835 7400 636 6927 966 6684 421 6567 6964 7145 6860 772 6555 7144 6726 788 7404 7140 7212 6325 6833 7040 564 1032 7050 6989 5970 6719 6318 324 7145 6249 814 600 7819 1691 6338 6246 6034 7239 0 6936 7613 1247 431 975 1660 646 6470 1246 8430 569 7271
292 5890 5512 7081 8067 5882 5648 7346 841 7968 581 5562 8209 512 7388 5874 1488 816 433 1664 759 1698 7793 8460 6076 6198 7974 5065 7714 5681 7558 978 7661 619 7290 5369 140 452 5528 7705 394 444 470 7714 660 5738 279 5833 344 6278 7400 7937 5140 678 1296 350 747 7189 1226 5778 7750 7457 5823 8620 872 1046 1033 5632 6936 0 724 7433 6976 7660 8595 7013 5437 8133 1909 7487 6072
889 6473 6130 7773 8759 6447 6128 8018 860 8658 145 6065 8907 712 8085 6378 2074 225 878 2210 401 1919 8485 9152 6649 6735 8629 5554 8400 6178 8239 1452 8314 1255 7959 5933 763 826 6071 8384 1116 819 907 8395 781 6263 457 6427 785 6830 8065 8605 5651 1149 2002 895 1465 7873 1596 6377 8427 8144 6283 9301 1567 1734 1755 6143 7613 724 0 8141 7667 8312 9270 7710 6011 8820 1732 8159 6597
7375 5913 5355 738 947 6158 7077 1339 7962 936 7996 6818 906 7737 506 6889 6720 8248 7501 6792 8156 7801 806 1245 6098 6586 1899 6848 936 6909 1062 7264 1873 7091 1414 6084 7439 7575 6362 1167 7040 7576 7292 1113 7822 6621 7712 5740 7383 6416 1512 1566 6635 7375 6330 7262 6753 986 7442 5670 1238 879 7334 1626 6736 6619 6458 6746 1247 7433 8141 0 839 1889 1763 643 5969 1126 8732 1338 6700
6947 6184 5590 120 1092 6419 7269 702 7565 992 7523 7012 1266 7319 464 7118 6408 7791 7086 6505 7717 7510 818 1485 6386 6869 1440 6979 753 7113 660 6907 1288 6689 738 6280 6996 7160 6570 824 6589 7160 6792 808 7415 6845 7254 6010 6894 6717 874 1196 6783 6987 5954 6776 6332 317 7110 5935 891 503 7535 1675 6338 6237 6043 6951 431 6976 7667 839 0 1300 1704 215 6178 1163 8401 781 6962
7674 7468 6866 1311 1308 7700 8527 599 8328 1206 8172 8270 1598 8054 1388 8388 7298 8461 7830 7422 8417 8406 1199 1518 7674 8154 329 8212 1009 8375 831 7732 17 7458 568 7542 7700 7902 7835 762 7289 7901 7411 822 8165 8114 7931 7294 7527 8006 427 517 8025 7769 6774 7418 7082 996 7964 7218 709 1011 8795 1313 7120 7042 6808 8214 975 7660 8312 1889 1300 0 1153 1479 7445 1171 9239 556 8242
8585 7675 7111 1629 819 7919 8827 1255 9219 833 9128 8568 973 8961 1438 8646 8098 9406 8731 8200 9345 9202 992 674 7861 8349 855 8579 965 8661 1058 8580 1142 8343 1321 7833 8624 8805 8115 900 8215 8804 8380 902 9063 8377 8872 7502 8489 8180 1234 696 8371 8646 7624 8375 7978 1433 8792 7431 848 1201 9087 235 7996 7902 7693 8499 1660 8595 9270 1763 1704 1153 0 1758 7721 638 10080 1113 8462
6975 6037 5449 169 1069 6274 7140 881 7584 986 7565 6882 1198 7344 375 6980 6401 7829 7110 6491 7749 7498 806 1456 6236 6720 1590 6862 794 6981 763 6913 1466 6709 929 6148 7028 7184 6436 921 6624 7184 6842 892 7437 6708 7292 5863 6941 6565 1058 1318 6662 7003 5965 6822 6357 483 7110 5789 994 576 7404 1701 6356 6250 6066 6819 646 7013 7710 643 215 1479 1758 0 6044 1173 8402 940 6818
5173 474 631 6204 6914 457 1109 6866 5267 6889 5908 851 6853 5304 6302 945 3953 5941 5139 3801 5727 4370 6733 7200 639 882 7617 1041 6799 940 6806 4559 7435 4818 6880 144 5330 5186 393 6962 5178 5193 5709 6928 5266 672 5609 495 5677 878 7023 7361 792 4862 4280 5578 4800 6495 4461 493 7035 6615 1365 7595 4613 4442 4624 777 6470 5437 6011 5969 6178 7445 7721 6044 0 7084 5281 6957 870
8108 7036 6474 1068 194 7280 8190 945 8728 198 8677 7931 445 8480 824 8008 7567 8948 8248 7660 8876 8666 371 386 7222 7710 1007 7947 421 8024 614 8069 1155 7852 1035 7197 8155 8322 7477 518 7747 8321 7941 478 8577 7739 8411 6863 8044 7541 1017 671 7738 8150 7117 7928 7494 953 8271 6793 521 677 8450 532 7501 7400 7205 7862 1246 8133 8820 1126 1163 1171 638 1173 7084 0 9563 826 7823
1737 5755 5568 8495 9471 5666 5105 8859 1069 9383 1768 5106 9574 1398 8773 5409 2014 1514 1551 1968 1345 1000 9205 9857 5885 5854 9539 4581 9153 5199 9024 1507 9238 1829 8815 5173 1798 1496 5233 9180 2147 1502 2360 9181 1252 5359 1750 5754 2219 5993 8936 9457 4739 1510 2465 2257 2217 8649 1292 5723 9233 8900 5201 10074 2138 2199 2459 5204 8430 1909 1732 8732 8401 9239 10080 8402 5281 9563 0 8997 5683
7481 6965 6370 771 900 7199 8047 141 8120 780 8017 7790 1184 7858 834 7898 7027 8297 7630 7137 8239 8133 715 1211 7166 7649 660 7751 519 7892 299 7493 541 7245 216 7059 7518 7703 7349 311 7108 7702 7267 362 7963 7625 7763 6790 7377 7496 204 463 7558 7551 6535 7264 6877 465 7712 6715 310 459 8314 1179 6900 6810 6595 7731 569 7487 8159 1338 781 556 1113 940 6957 826 8997 0 7743
5796 788 1378 6981 7648 544 691 7657 5810 7630 6506 586 7568 5886 7059 334 4585 6505 5741 4411 6285 4843 7480 7916 631 207 8402 1105 7557 526 7578 5150 8232 5454 7675 838 5956 5781 578 7731 5845 5789 6380 7694 5831 335 6220 960 6335 423 7818 8134 953 5460 4984 6244 5479 7278 5013 1031 7805 7384 810 8324 5284 5118 5329 480 7271 6072 6597 6700 6962 8242 8462 6818 870 7823 5683 7743 0
