20 20 1
24 11 4 16 4 18 17 23 20 19 30 14 20 10 11 11 19 21 4 20
145
0 203 721 523 604 627 1018 958 1254 1228 1359 1382 1517 1627 1750 1878 2017 2166 2271 2380 2511 2625 2796 2879 3003 3128 3274 3376 3529 3628 3755 3876 4007 4167 4255 4395 4502 4625 4756 4885 5000 5135 5259 5460 5501 5626 5752 5876 6014 6136 6283 6381 6503 6628 6750 6875 7019 7129 7251 7379 7501 7628 7750 7878 8006 8131 8251 8377 8504 8633 8750 8881 9016 9137 9255 9391 9501 9629 9752 9893 10000
203 0 531 323 624 513 819 931 1059 1054 1186 1284 1377 1503 1637 1771 1922 2083 2130 2250 2376 2506 2648 2750 2875 3014 3174 3251 3388 3500 3625 3751 3895 4023 4125 4258 4375 4501 4641 4752 4880 5002 5127 5310 5382 5506 5633 5751 5880 6024 6144 6251 6375 6500 6629 6754 6908 7011 7125 7261 7380 7508 7626 7759 7877 8001 8125 8257 8385 8517 8628 8752 8883 9005 9126 9258 9379 9501 9632 9760 9876
721 531 0 335 1045 735 500 1237 754 894 1010 1386 1329 1502 1663 1806 1986 2172 2033 2187 2292 2473 2506 2676 2803 2987 3185 3182 3258 3417 3534 3672 3860 3876 4028 4133 4283 4420 4590 4639 4807 4888 5013 5133 5308 5429 5561 5656 5756 5968 6000 6138 6268 6393 6542 6666 6854 6935 7020 7184 7293 7426 7525 7677 7758 7884 8019 8170 8302 8440 8531 8632 8751 8877 9008 9126 9283 9383 9542 9625 9773
523 323 335 0 715 407 496 906 737 761 891 1118 1134 1284 1434 1574 1742 1918 1876 2011 2129 2282 2379 2509 2635 2795 2974 3014 3126 3258 3380 3511 3675 3757 3879 4000 4131 4262 4415 4500 4645 4750 4875 5035 5147 5270 5399 5507 5625 5797 5882 6001 6127 6252 6389 6514 6683 6776 6879 7027 7141 7272 7381 7522 7625 7750 7879 8018 8148 8283 8385 8500 8627 8751 8875 9002 9137 9250 9393 9503 9632
604 624 1045 715 0 403 1058 379 1204 1040 1151 899 1148 1197 1285 1394 1502 1627 1866 1939 2081 2150 2403 2426 2545 2633 2751 2905 3103 3162 3293 3402 3501 3742 3788 3948 4029 4143 4251 4423 4508 4671 4795 5045 5005 5131 5254 5391 5550 5625 5833 5907 6025 6149 6256 6381 6502 6626 6767 6876 7004 7126 7261 7376 7528 7652 7764 7877 8000 8125 8255 8402 8545 8662 8773 8919 9003 9146 9251 9421 9506
627 513 735 407 403 0 657 502 805 671 794 771 894 1000 1128 1260 1409 1570 1647 1754 1885 2001 2174 2253 2377 2506 2661 2750 2904 3002 3128 3250 3387 3542 3628 3768 3876 4000 4134 4258 4376 4508 4633 4837 4877 5002 5129 5250 5387 5516 5657 5755 5877 6002 6126 6251 6399 6506 6626 6756 6877 7004 7125 7255 7380 7505 7625 7753 7881 8011 8126 8255 8390 8510 8629 8765 8876 9003 9129 9266 9375
1018 819 500 496 1058 657 0 1087 259 424 523 1033 882 1071 1238 1380 1571 1767 1547 1710 1807 2003 2008 2191 2317 2514 2724 2695 2760 2926 3041 3182 3380 3376 3534 3635 3789 3928 4104 4142 4316 4391 4516 4633 4816 4937 5069 5161 5258 5479 5500 5640 5770 5895 6047 6171 6365 6441 6523 6691 6797 6932 7027 7182 7260 7385 7521 7674 7807 7946 8034 8133 8251 8378 8509 8626 8786 8884 9046 9126 9275
958 931 1237 906 379 502 1087 0 1154 918 998 562 878 881 942 1038 1132 1250 1543 1597 1742 1790 2078 2073 2189 2265 2375 2544 2757 2801 2933 3038 3129 3395 3426 3592 3665 3775 3878 4061 4138 4308 4431 4698 4634 4760 4881 5022 5187 5250 5474 5540 5657 5780 5884 6009 6126 6252 6397 6502 6631 6753 6890 7002 7160 7283 7393 7503 7626 7750 7882 8032 8178 8294 8404 8552 8630 8776 8877 9054 9134
1254 1059 754 737 1204 805 259 1154 0 292 334 966 729 927 1094 1232 1428 1628 1327 1500 1587 1799 1768 1969 2094 2304 2527 2470 2518 2696 2808 2951 3161 3129 3298 3392 3553 3694 3877 3900 4083 4149 4273 4380 4582 4702 4835 4921 5012 5248 5251 5397 5527 5653 5808 5931 6133 6204 6280 6453 6558 6693 6785 6943 7014 7139 7277 7434 7568 7708 7792 7887 8003 8130 8263 8378 8543 8638 8804 8877 9031
1228 1054 894 761 1040 671 424 918 292 0 132 674 460 654 821 962 1156 1354 1140 1294 1398 1583 1625 1782 1908 2096 2302 2288 2375 2524 2642 2779 2966 3002 3139 3251 3393 3528 3696 3754 3915 4004 4129 4276 4416 4537 4669 4768 4876 5075 5127 5255 5383 5508 5652 5776 5961 6044 6135 6293 6404 6536 6639 6787 6877 7003 7134 7281 7413 7549 7644 7752 7875 8000 8127 8250 8396 8503 8654 8751 8888
1359 1186 1010 891 1151 794 523 998 334 132 0 680 397 596 762 898 1094 1295 1025 1186 1285 1481 1500 1669 1795 1990 2205 2173 2251 2407 2524 2662 2857 2876 3019 3127 3273 3410 3582 3632 3797 3881 4006 4147 4298 4419 4551 4647 4752 4959 5001 5132 5260 5385 5532 5656 5845 5925 6013 6174 6283 6417 6517 6667 6754 6879 7012 7160 7293 7430 7523 7628 7750 7875 8003 8125 8275 8379 8533 8625 8766
1382 1284 1386 1118 899 771 1033 562 966 674 680 0 380 323 386 501 638 803 981 1041 1185 1256 1516 1528 1647 1750 1893 2011 2204 2267 2397 2510 2627 2844 2894 3050 3138 3255 3376 3528 3626 3777 3901 4147 4125 4250 4375 4505 4657 4756 4937 5016 5136 5261 5375 5501 5638 5751 5881 6001 6125 6250 6378 6501 6640 6764 6880 7000 7126 7254 7375 7514 7655 7773 7887 8029 8125 8261 8375 8531 8626
1517 1377 1329 1134 1148 894 882 878 729 460 397 380 0 198 365 504 699 899 755 878 1000 1150 1281 1377 1503 1664 1856 1881 2013 2127 2250 2379 2543 2650 2750 2881 3001 3130 3282 3376 3512 3626 3751 3944 4014 4137 4266 4377 4504 4664 4768 4875 5000 5125 5258 5382 5549 5644 5751 5894 6009 6139 6252 6390 6501 6625 6751 6887 7016 7150 7255 7376 7507 7629 7750 7882 8007 8125 8262 8383 8503
1627 1503 1502 1284 1197 1000 1071 881 927 654 596 323 198 0 168 309 502 701 669 755 891 1004 1206 1253 1377 1514 1690 1750 1913 2001 2128 2250 2395 2553 2628 2771 2876 3000 3139 3259 3378 3508 3633 3854 3879 4003 4131 4250 4388 4522 4660 4754 4877 5002 5127 5252 5407 5508 5625 5759 5878 6006 6125 6257 6380 6504 6625 6755 6883 7014 7126 7255 7390 7510 7628 7765 7877 8003 8130 8266 8375
1750 1637 1663 1434 1285 1128 1238 942 1094 821 762 386 365 168 0 143 334 534 611 656 800 875 1139 1142 1262 1378 1541 1629 1818 1884 2013 2129 2259 2457 2511 2664 2756 2876 3006 3145 3250 3394 3518 3760 3751 3875 4001 4127 4274 4388 4552 4636 4756 4881 5000 5125 5271 5378 5503 5629 5750 5877 6001 6127 6260 6384 6502 6626 6753 6883 7000 7135 7273 7392 7508 7648 7750 7882 8002 8150 8250
1878 1771 1806 1574 1394 1260 1380 1038 1232 962 898 501 504 309 143 0 197 398 564 567 715 756 1070 1035 1152 1250 1404 1512 1720 1768 1899 2010 2129 2357 2395 2555 2638 2754 2877 3030 3125 3278 3402 3660 3625 3750 3875 4005 4157 4258 4439 4516 4636 4760 4875 5000 5141 5251 5381 5502 5625 5751 5878 6001 6140 6264 6379 6500 6627 6755 6875 7014 7154 7273 7386 7529 7625 7760 7876 8031 8126
2017 1922 1986 1742 1502 1409 1571 1132 1428 1156 1094 638 699 502 334 197 0 201 625 563 707 672 1073 970 1077 1132 1257 1417 1662 1675 1808 1908 2000 2290 2297 2470 2533 2643 2750 2932 3007 3178 3301 3589 3504 3629 3752 3890 4056 4127 4345 4408 4524 4648 4754 4879 5006 5125 5266 5375 5502 5625 5760 5875 6028 6151 6262 6376 6500 6626 6753 6900 7046 7162 7272 7420 7502 7645 7750 7921 8005
2166 2083 2172 1918 1627 1570 1767 1250 1628 1354 1295 803 899 701 534 398 201 0 742 630 757 644 1117 946 1037 1040 1125 1346 1629 1603 1736 1823 1884 2241 2213 2400 2442 2543 2632 2846 2897 3088 3210 3531 3390 3516 3635 3784 3962 4000 4260 4306 4420 4543 4639 4764 4876 5004 5156 5253 5384 5505 5646 5754 5921 6044 6149 6255 6377 6500 6635 6792 6942 7056 7161 7315 7382 7533 7628 7816 7887
2271 2130 2033 1876 1866 1647 1547 1543 1327 1140 1025 981 755 669 611 564 625 742 0 198 260 496 537 644 770 981 1223 1148 1258 1385 1505 1640 1834 1896 2003 2128 2256 2390 2557 2625 2775 2875 3000 3192 3277 3399 3530 3632 3751 3935 4014 4125 4251 4376 4516 4640 4821 4905 5003 5155 5267 5399 5505 5650 5750 5875 6003 6144 6275 6411 6510 6625 6754 6877 7000 7129 7262 7375 7519 7630 7756
2380 2250 2187 2011 1939 1754 1710 1597 1500 1294 1186 1041 878 755 656 567 563 630 198 0 148 303 512 500 625 804 1034 1003 1163 1250 1375 1501 1673 1803 1875 2017 2125 2253 2406 2505 2634 2754 2879 3105 3136 3259 3389 3501 3634 3788 3905 4002 4125 4250 4381 4505 4673 4766 4875 5016 5132 5262 5376 5513 5627 5752 5875 6009 6139 6272 6378 6502 6636 6757 6877 7011 7130 7251 7385 7513 7626
2511 2376 2292 2129 2081 1885 1807 1742 1587 1398 1285 1185 1000 891 800 715 707 757 260 148 0 281 367 384 510 727 980 889 1023 1129 1251 1383 1574 1663 1750 1883 2002 2134 2298 2376 2518 2626 2751 2964 3020 3142 3273 3379 3504 3676 3772 3875 4000 4125 4261 4385 4562 4649 4751 4899 5012 5143 5253 5394 5501 5625 5751 5889 6020 6155 6257 6376 6507 6629 6750 6882 7008 7125 7264 7384 7503
2625 2506 2473 2282 2150 2001 2003 1790 1799 1583 1481 1256 1150 1004 875 756 672 644 496 303 281 0 535 302 404 514 731 756 992 1012 1144 1254 1393 1617 1639 1802 1882 2001 2136 2273 2376 2521 2646 2917 2876 3001 3128 3251 3401 3518 3684 3761 3881 4006 4125 4250 4403 4505 4628 4756 4876 5003 5126 5254 5385 5509 5627 5752 5880 6010 6125 6259 6399 6518 6633 6774 6876 7006 7128 7275 7375
2796 2648 2506 2379 2403 2174 2008 2078 1768 1625 1500 1516 1281 1206 1139 1070 1073 1117 537 512 367 535 0 372 446 741 1029 756 752 947 1048 1199 1455 1378 1531 1627 1786 1931 2130 2134 2321 2383 2507 2664 2817 2936 3070 3153 3251 3488 3503 3632 3762 3887 4040 4163 4370 4437 4515 4685 4790 4925 5019 5175 5253 5379 5513 5666 5800 5940 6026 6128 6250 6375 6503 6625 6777 6879 7037 7126 7267
2879 2750 2676 2509 2426 2253 2191 2073 1969 1782 1669 1528 1377 1253 1142 1035 970 946 644 500 384 302 372 0 126 382 665 506 692 750 876 1002 1192 1324 1376 1522 1625 1753 1914 2006 2136 2256 2380 2626 2638 2761 2891 3001 3135 3293 3410 3502 3625 3750 3881 4006 4179 4268 4375 4518 4633 4763 4876 5014 5127 5252 5375 5510 5640 5774 5879 6003 6137 6258 6377 6512 6630 6751 6885 7014 7127
3003 2875 2803 2635 2545 2377 2317 2189 2094 1908 1795 1647 1503 1377 1262 1152 1077 1037 770 625 510 404 446 126 0 298 586 379 591 625 752 876 1068 1213 1252 1403 1500 1628 1788 1883 2010 2132 2257 2514 2512 2635 2765 2876 3012 3167 3289 3378 3501 3626 3755 3880 4052 4141 4250 4392 4507 4637 4750 4888 5003 5128 5250 5384 5514 5648 5753 5878 6013 6134 6252 6388 6504 6627 6759 6890 7001
3128 3014 2987 2795 2633 2506 2514 2265 2304 2096 1990 1750 1664 1514 1378 1250 1132 1040 981 804 727 514 741 382 298 0 288 328 696 572 704 783 881 1235 1173 1365 1403 1511 1628 1806 1876 2049 2172 2501 2375 2500 2625 2758 2925 3010 3220 3275 3392 3516 3626 3751 3894 4001 4134 4251 4375 4500 4629 4751 4896 5019 5132 5250 5376 5505 5626 5769 5913 6030 6140 6287 6375 6513 6626 6789 6876
3274 3174 3185 2974 2751 2661 2724 2375 2527 2302 2205 1893 1856 1690 1541 1404 1257 1125 1223 1034 980 731 1029 665 586 288 0 489 882 655 769 791 766 1317 1162 1386 1362 1443 1509 1771 1781 2004 2122 2519 2268 2394 2512 2668 2864 2875 3174 3195 3305 3427 3516 3640 3752 3878 4036 4128 4259 4379 4524 4628 4802 4925 5027 5130 5252 5375 5511 5671 5825 5938 6040 6197 6257 6411 6502 6698 6762
3376 3251 3182 3014 2905 2750 2695 2544 2470 2288 2173 2011 1881 1750 1629 1512 1417 1346 1148 1003 889 756 756 506 379 328 489 0 393 258 391 500 701 908 883 1055 1127 1250 1409 1518 1631 1766 1890 2185 2133 2256 2386 2500 2645 2787 2930 3006 3128 3252 3378 3503 3673 3763 3876 4013 4129 4259 4375 4510 4631 4755 4875 5006 5136 5269 5377 5506 5644 5763 5879 6018 6128 6253 6382 6520 6625
3529 3388 3258 3126 3103 2904 2760 2757 2518 2375 2251 2204 2013 1913 1818 1720 1662 1629 1258 1163 1023 992 752 692 591 696 882 393 0 333 362 521 853 640 792 876 1045 1196 1423 1382 1586 1631 1755 1942 2076 2193 2328 2404 2500 2752 2757 2881 3010 3135 3291 3413 3631 3689 3763 3937 4040 4176 4267 4426 4502 4627 4761 4915 5049 5191 5274 5376 5501 5625 5752 5876 6026 6127 6286 6377 6515
3628 3500 3417 3258 3162 3002 2926 2801 2696 2524 2407 2267 2127 2001 1884 1768 1675 1603 1385 1250 1129 1012 947 750 625 572 655 258 333 0 134 255 535 671 627 798 875 1005 1185 1261 1390 1510 1634 1931 1891 2014 2145 2251 2390 2553 2672 2753 2876 3001 3132 3256 3438 3520 3625 3770 3883 4014 4126 4265 4378 4503 4625 4761 4891 5026 5129 5253 5389 5509 5627 5764 5880 6002 6136 6266 6376
3755 3625 3534 3380 3293 3128 3041 2933 2808 2642 2524 2397 2250 2128 2013 1899 1808 1736 1505 1375 1251 1144 1048 876 752 704 769 391 362 134 0 159 497 548 500 664 751 887 1084 1131 1276 1380 1505 1798 1775 1896 2028 2128 2260 2441 2541 2626 2750 2875 3011 3135 3325 3401 3500 3651 3762 3894 4002 4145 4252 4376 4500 4639 4771 4907 5006 5127 5262 5382 5501 5637 5758 5876 6014 6138 6253
3876 3751 3672 3511 3402 3250 3182 3038 2951 2779 2662 2510 2379 2250 2129 2010 1908 1823 1640 1501 1383 1254 1199 1002 876 783 791 500 521 255 159 0 353 558 390 596 628 751 932 1024 1136 1270 1393 1733 1637 1759 1890 2000 2148 2298 2438 2507 2628 2752 2879 3004 3183 3266 3375 3516 3631 3761 3875 4012 4131 4255 4375 4508 4638 4772 4877 5006 5144 5263 5379 5519 5628 5753 5883 6021 6126
4007 3895 3860 3675 3501 3387 3380 3129 3161 2966 2857 2627 2543 2395 2259 2129 2000 1884 1834 1673 1574 1393 1455 1192 1068 881 766 701 853 535 497 353 0 838 503 754 632 686 750 1034 1015 1253 1367 1824 1506 1632 1752 1902 2102 2129 2417 2429 2539 2661 2756 2881 3013 3125 3272 3375 3502 3625 3763 3875 4038 4161 4266 4375 4500 4627 4754 4908 5060 5173 5278 5433 5502 5649 5750 5933 6005
4167 4023 3876 3757 3742 3542 3376 3395 3129 3002 2876 2844 2650 2553 2457 2357 2290 2241 1896 1803 1663 1617 1378 1324 1213 1235 1317 908 640 671 548 558 838 0 411 305 580 740 1030 800 1092 1038 1158 1303 1541 1647 1784 1822 1884 2221 2126 2272 2406 2530 2705 2826 3080 3111 3157 3356 3447 3587 3662 3836 3885 4010 4151 4318 4455 4601 4669 4757 4875 5002 5133 5250 5420 5509 5683 5750 5904
4255 4125 4028 3879 3788 3628 3534 3426 3298 3139 3019 2894 2750 2628 2511 2395 2297 2213 2003 1875 1750 1639 1531 1376 1252 1173 1162 883 792 627 500 390 503 411 0 250 255 405 658 635 794 883 1007 1358 1286 1405 1539 1629 1762 1961 2049 2126 2250 2375 2514 2638 2841 2907 3001 3156 3265 3398 3502 3649 3752 3876 4001 4142 4274 4412 4507 4627 4762 4882 5001 5137 5259 5376 5516 5639 5753
4395 4258 4133 4000 3948 3768 3635 3592 3392 3251 3127 3050 2881 2771 2664 2555 2470 2400 2128 2017 1883 1802 1627 1522 1403 1365 1386 1055 876 798 664 596 754 305 250 0 296 447 745 511 787 757 881 1138 1240 1348 1485 1537 1625 1920 1889 2005 2135 2260 2423 2545 2785 2825 2888 3072 3169 3307 3393 3556 3626 3752 3886 4043 4179 4322 4400 4501 4627 4750 4876 5002 5151 5252 5412 5503 5640
4502 4375 4283 4131 4029 3876 3789 3665 3553 3393 3273 3138 3001 2876 2756 2638 2533 2442 2256 2125 2002 1882 1786 1625 1500 1403 1362 1127 1045 875 751 628 632 580 255 296 0 161 452 409 543 647 768 1194 1032 1150 1284 1377 1522 1707 1819 1879 2001 2126 2260 2384 2586 2652 2750 2902 3011 3144 3251 3394 3504 3628 3750 3888 4020 4157 4255 4379 4517 4636 4752 4892 5006 5127 5263 5393 5502
4625 4501 4420 4262 4143 4000 3928 3775 3694 3528 3410 3255 3130 3000 2876 2754 2643 2543 2390 2253 2134 2001 1931 1753 1628 1511 1443 1250 1196 1005 887 751 686 740 405 447 161 0 301 365 391 567 680 1182 888 1009 1141 1251 1422 1558 1732 1765 1882 2006 2128 2252 2440 2515 2627 2765 2879 3010 3125 3260 3386 3510 3626 3757 3886 4021 4126 4259 4403 4520 4632 4777 4877 5006 5132 5278 5375
4756 4641 4590 4415 4251 4134 4104 3878 3877 3696 3582 3376 3282 3139 3006 2877 2750 2632 2557 2406 2298 2136 2130 1914 1788 1628 1509 1409 1423 1185 1084 932 750 1030 658 745 452 301 0 554 300 659 738 1342 760 886 1003 1167 1402 1383 1735 1700 1803 1923 2007 2132 2268 2375 2527 2625 2752 2875 3015 3125 3295 3417 3518 3625 3750 3878 4004 4163 4319 4430 4531 4690 4752 4902 5000 5190 5255
4885 4752 4639 4500 4423 4258 4142 4061 3900 3754 3632 3528 3376 3259 3145 3030 2932 2846 2625 2505 2376 2273 2134 2006 1883 1806 1771 1518 1382 1261 1131 1024 1034 800 635 511 409 365 554 0 395 250 375 818 751 850 988 1026 1129 1426 1415 1501 1628 1754 1912 2034 2280 2315 2381 2561 2659 2796 2885 3046 3125 3250 3380 3534 3669 3811 3892 4000 4131 4253 4375 4506 4644 4750 4904 5008 5134
5000 4880 4807 4645 4508 4376 4316 4138 4083 3915 3797 3626 3512 3378 3250 3125 3007 2897 2775 2634 2518 2376 2321 2136 2010 1876 1781 1631 1586 1390 1276 1136 1015 1092 794 787 543 391 300 395 0 397 453 1090 502 626 755 887 1105 1167 1436 1415 1524 1646 1750 1875 2050 2132 2259 2382 2500 2628 2753 2879 3024 3147 3256 3377 3505 3638 3750 3895 4045 4159 4266 4418 4500 4638 4753 4919 5001
5135 5002 4888 4750 4671 4508 4391 4308 4149 4004 3881 3777 3626 3508 3394 3278 3178 3088 2875 2754 2626 2521 2383 2256 2132 2049 2004 1766 1631 1510 1380 1270 1253 1038 883 757 647 567 659 250 397 0 125 693 562 642 776 785 880 1214 1172 1251 1379 1504 1668 1789 2049 2073 2132 2318 2413 2551 2636 2800 2875 3000 3131 3287 3422 3566 3643 3750 3882 4003 4125 4257 4395 4500 4656 4758 4885
5259 5127 5013 4875 4795 4633 4516 4431 4273 4129 4006 3901 3751 3633 3518 3402 3301 3210 3000 2879 2751 2646 2507 2380 2257 2172 2122 1890 1755 1634 1505 1393 1367 1158 1007 881 768 680 738 375 453 125 0 657 489 551 680 667 756 1114 1053 1126 1255 1380 1547 1667 1936 1953 2007 2197 2290 2429 2512 2678 2750 2875 3006 3163 3299 3444 3519 3625 3757 3878 4000 4132 4271 4375 4532 4633 4760
5460 5310 5133 5035 5045 4837 4633 4698 4380 4276 4147 4147 3944 3854 3760 3660 3589 3531 3192 3105 2964 2917 2664 2626 2514 2501 2519 2185 1942 1931 1798 1733 1824 1303 1358 1138 1194 1182 1342 818 1090 693 657 0 1072 1078 1168 1010 834 1530 930 1213 1354 1463 1714 1813 2193 2117 2045 2334 2380 2529 2537 2762 2703 2827 2993 3208 3352 3511 3523 3556 3649 3782 3930 4021 4260 4303 4531 4515 4722
5501 5382 5308 5147 5005 4877 4816 4634 4582 4416 4298 4125 4014 3879 3751 3625 3504 3390 3277 3136 3020 2876 2817 2638 2512 2375 2268 2133 2076 1891 1775 1637 1506 1541 1286 1240 1032 888 760 751 502 562 489 1072 0 126 253 419 716 680 1060 953 1048 1166 1251 1376 1554 1630 1767 1880 2000 2127 2257 2378 2535 2657 2760 2876 3004 3136 3250 3403 3559 3670 3772 3930 4000 4143 4252 4430 4501
5626 5506 5429 5270 5131 5002 4937 4760 4702 4537 4419 4250 4137 4003 3875 3750 3629 3516 3399 3259 3142 3001 2936 2761 2635 2500 2394 2256 2193 2014 1896 1759 1632 1647 1405 1348 1150 1009 886 850 626 642 551 1078 126 0 137 303 623 576 963 833 924 1041 1125 1250 1439 1507 1641 1757 1875 2003 2131 2254 2409 2531 2634 2751 2880 3013 3125 3277 3433 3544 3646 3804 3875 4017 4127 4304 4376
5752 5633 5561 5399 5254 5129 5069 4881 4835 4669 4551 4375 4266 4131 4001 3875 3752 3635 3530 3389 3273 3128 3070 2891 2765 2625 2512 2386 2328 2145 2028 1890 1752 1784 1539 1485 1284 1141 1003 988 755 776 680 1168 253 137 0 261 608 439 935 752 829 941 1003 1128 1303 1378 1528 1628 1750 1876 2012 2126 2297 2417 2515 2625 2752 2884 3001 3161 3321 3430 3529 3691 3750 3899 4001 4191 4253
5876 5751 5656 5507 5391 5250 5161 5022 4921 4768 4647 4505 4377 4250 4127 4005 3890 3784 3632 3501 3379 3251 3153 3001 2876 2758 2668 2500 2404 2251 2128 2000 1902 1822 1629 1537 1377 1251 1167 1026 887 785 667 1010 419 303 261 0 348 521 675 535 637 759 887 1010 1273 1289 1376 1535 1637 1772 1875 2022 2138 2261 2375 2513 2646 2787 2878 3010 3158 3273 3382 3531 3630 3755 3887 4032 4126
6014 5880 5756 5625 5550 5387 5258 5187 5012 4876 4752 4657 4504 4388 4274 4157 4056 3962 3751 3634 3504 3401 3251 3135 3012 2925 2864 2645 2500 2390 2260 2148 2102 1884 1762 1625 1522 1422 1402 1129 1105 880 756 834 716 623 608 348 0 792 344 399 539 659 886 991 1360 1294 1278 1522 1587 1733 1783 1976 2002 2127 2267 2446 2586 2738 2788 2876 3003 3126 3252 3378 3537 3627 3802 3879 4020
6136 6024 5968 5797 5625 5516 5479 5250 5248 5075 4959 4756 4664 4522 4388 4258 4127 4000 3935 3788 3676 3518 3488 3293 3167 3010 2875 2787 2752 2553 2441 2298 2129 2221 1961 1920 1707 1558 1383 1426 1167 1214 1114 1530 680 576 439 521 792 0 1026 694 692 761 698 814 886 1010 1238 1257 1400 1511 1684 1757 1998 2112 2183 2259 2378 2500 2645 2839 3016 3116 3197 3379 3386 3561 3628 3873 3894
6283 6144 6000 5882 5833 5657 5500 5474 5251 5127 5001 4937 4768 4660 4552 4439 4345 4260 4014 3905 3772 3684 3503 3410 3289 3220 3174 2930 2757 2672 2541 2438 2417 2126 2049 1889 1819 1732 1735 1415 1436 1172 1053 930 1060 963 935 675 344 1026 0 391 503 581 866 940 1379 1238 1118 1433 1460 1611 1606 1838 1781 1905 2066 2277 2422 2582 2595 2644 2752 2880 3019 3126 3335 3394 3605 3625 3803
6381 6251 6138 6001 5907 5755 5640 5540 5397 5255 5132 5016 4875 4754 4636 4516 4408 4306 4125 4002 3875 3761 3632 3502 3378 3275 3195 3006 2881 2753 2626 2507 2429 2272 2126 2005 1879 1765 1700 1501 1415 1251 1126 1213 953 833 752 535 399 694 391 0 141 260 504 600 1004 904 885 1126 1189 1335 1390 1577 1626 1750 1881 2050 2189 2340 2397 2501 2638 2757 2875 3013 3148 3250 3411 3515 3635
6503 6375 6268 6127 6025 5877 5770 5657 5527 5383 5260 5136 5000 4877 4756 4636 4524 4420 4251 4125 4000 3881 3762 3625 3501 3392 3305 3128 3010 2876 2750 2628 2539 2406 2250 2135 2001 1882 1803 1628 1524 1379 1255 1354 1048 924 829 637 539 692 503 141 0 125 368 459 877 764 753 984 1049 1195 1258 1438 1504 1628 1752 1914 2052 2202 2265 2378 2522 2638 2752 2896 3016 3126 3278 3397 3506
6628 6500 6393 6252 6149 6002 5895 5780 5653 5508 5385 5261 5125 5002 4881 4760 4648 4543 4376 4250 4125 4006 3887 3750 3626 3516 3427 3252 3135 3001 2875 2752 2661 2530 2375 2260 2126 2006 1923 1754 1646 1504 1380 1463 1166 1041 941 759 659 761 581 260 125 0 291 359 806 661 628 872 929 1075 1133 1317 1380 1504 1627 1790 1929 2079 2140 2254 2399 2514 2627 2772 2891 3001 3153 3274 3380
6750 6629 6542 6389 6256 6126 6047 5884 5808 5652 5532 5375 5258 5127 5000 4875 4754 4639 4516 4381 4261 4125 4040 3881 3755 3626 3516 3378 3291 3132 3011 2879 2756 2705 2514 2423 2260 2128 2007 1912 1750 1668 1547 1714 1251 1125 1003 887 886 698 866 504 368 291 0 125 515 411 541 651 752 885 1009 1135 1306 1423 1512 1629 1760 1900 2000 2161 2329 2433 2527 2696 2750 2896 3004 3193 3251
6875 6754 6666 6514 6381 6251 6171 6009 5931 5776 5656 5501 5382 5252 5125 5000 4879 4764 4640 4505 4385 4250 4163 4006 3880 3751 3640 3503 3413 3256 3135 3004 2881 2826 2638 2545 2384 2252 2132 2034 1875 1789 1667 1813 1376 1250 1128 1010 991 814 940 600 459 359 125 0 472 305 425 533 627 762 884 1012 1185 1302 1387 1505 1637 1777 1875 2037 2207 2310 2402 2573 2625 2771 2880 3070 3126
7019 6908 6854 6683 6502 6399 6365 6126 6133 5961 5845 5638 5549 5407 5271 5141 5006 4876 4821 4673 4562 4403 4370 4179 4052 3894 3752 3673 3631 3438 3325 3183 3013 3080 2841 2785 2586 2440 2268 2280 2050 2049 1936 2193 1554 1439 1303 1273 1360 886 1379 1004 877 806 515 472 0 308 702 462 642 701 949 924 1298 1391 1404 1416 1523 1631 1810 2056 2260 2340 2393 2602 2533 2744 2766 3080 3045
7129 7011 6935 6776 6626 6506 6441 6252 6204 6044 5925 5751 5644 5508 5378 5251 5125 5004 4905 4766 4649 4505 4437 4268 4141 4001 3878 3763 3689 3520 3401 3266 3125 3111 2907 2825 2652 2515 2375 2315 2132 2073 1953 2117 1630 1507 1378 1289 1294 1010 1238 904 764 661 411 305 308 0 395 250 394 501 694 750 1032 1135 1181 1251 1375 1506 1635 1838 2027 2119 2191 2382 2379 2553 2625 2871 2885
7251 7125 7020 6879 6767 6626 6523 6397 6280 6135 6013 5881 5751 5625 5503 5381 5266 5156 5003 4875 4751 4628 4515 4375 4250 4134 4036 3876 3763 3625 3500 3375 3272 3157 3001 2888 2750 2627 2527 2381 2259 2132 2007 2045 1767 1641 1528 1376 1278 1238 1118 885 753 628 541 425 702 395 0 407 356 505 505 720 769 890 1000 1169 1311 1467 1513 1636 1794 1903 2006 2164 2263 2379 2526 2663 2753
7379 7261 7184 7027 6876 6756 6691 6502 6453 6293 6174 6001 5894 5759 5629 5502 5375 5253 5155 5016 4899 4756 4685 4518 4392 4251 4128 4013 3937 3770 3651 3516 3375 3356 3156 3072 2902 2765 2625 2561 2382 2318 2197 2334 1880 1757 1628 1535 1522 1257 1433 1126 984 872 651 533 462 250 407 0 183 255 488 501 839 929 950 1002 1125 1256 1388 1606 1804 1889 1953 2152 2130 2311 2375 2636 2637
7501 7380 7293 7141 7004 6877 6797 6631 6558 6404 6283 6125 6009 5878 5750 5625 5502 5384 5267 5132 5012 4876 4790 4633 4507 4375 4259 4129 4040 3883 3762 3631 3502 3447 3265 3169 3011 2879 2752 2659 2500 2413 2290 2380 2000 1875 1750 1637 1587 1400 1460 1189 1049 929 752 627 642 394 356 183 0 151 308 389 657 751 787 877 1010 1154 1251 1444 1635 1725 1798 1988 2000 2162 2253 2477 2503
7628 7508 7426 7272 7126 7004 6932 6753 6693 6536 6417 6250 6139 6006 5877 5751 5625 5505 5399 5262 5143 5003 4925 4763 4637 4500 4379 4259 4176 4014 3894 3761 3625 3587 3398 3307 3144 3010 2875 2796 2628 2551 2429 2529 2127 2003 1876 1772 1733 1511 1611 1335 1195 1075 885 762 701 501 505 255 151 0 292 251 633 707 703 750 877 1015 1134 1356 1559 1640 1699 1902 1877 2057 2125 2384 2384
7750 7626 7525 7381 7261 7125 7027 6890 6785 6639 6517 6378 6252 6125 6001 5878 5760 5646 5505 5376 5253 5126 5019 4876 4750 4629 4524 4375 4267 4126 4002 3875 3763 3662 3502 3393 3251 3125 3015 2885 2753 2636 2512 2537 2257 2131 2012 1875 1783 1684 1606 1390 1258 1133 1009 884 949 694 505 488 308 292 0 310 351 443 503 671 816 979 1007 1155 1335 1431 1518 1695 1758 1887 2021 2189 2251
7878 7759 7677 7522 7376 7255 7182 7002 6943 6787 6667 6501 6390 6257 6127 6001 5875 5754 5650 5513 5394 5254 5175 5014 4888 4751 4628 4510 4426 4265 4145 4012 3875 3836 3649 3556 3394 3260 3125 3046 2879 2800 2678 2762 2378 2254 2126 2022 1976 1757 1838 1577 1438 1317 1135 1012 924 750 720 501 389 251 310 0 545 577 508 502 626 766 890 1139 1354 1424 1469 1684 1629 1820 1875 2157 2137
8006 7877 7758 7625 7528 7380 7260 7160 7014 6877 6754 6640 6501 6380 6260 6140 6028 5921 5750 5627 5501 5385 5253 5127 5003 4896 4802 4631 4502 4378 4252 4131 4038 3885 3752 3626 3504 3386 3295 3125 3024 2875 2750 2703 2535 2409 2297 2138 2002 1998 1781 1626 1504 1380 1306 1185 1298 1032 769 839 657 633 351 545 0 125 313 617 756 927 835 875 1025 1135 1250 1395 1557 1625 1830 1895 2023
8131 8001 7884 7750 7652 7505 7385 7283 7139 7003 6879 6764 6625 6504 6384 6264 6151 6044 5875 5752 5625 5509 5379 5252 5128 5019 4925 4755 4627 4503 4376 4255 4161 4010 3876 3752 3628 3510 3417 3250 3147 3000 2875 2827 2657 2531 2417 2261 2127 2112 1905 1750 1628 1504 1423 1302 1391 1135 890 929 751 707 443 577 125 0 218 541 671 839 720 750 906 1013 1125 1274 1434 1500 1707 1774 1898
8251 8125 8019 7879 7764 7625 7521 7393 7277 7134 7012 6880 6751 6625 6502 6379 6262 6149 6003 5875 5751 5627 5513 5375 5250 5132 5027 4875 4761 4625 4500 4375 4266 4151 4001 3886 3750 3626 3518 3380 3256 3131 3006 2993 2760 2634 2515 2375 2267 2183 2066 1881 1752 1627 1512 1387 1404 1181 1000 950 787 703 503 508 313 218 0 327 454 622 531 657 856 939 1015 1202 1271 1384 1539 1690 1754
8377 8257 8170 8018 7877 7753 7674 7503 7434 7281 7160 7000 6887 6755 6626 6500 6376 6255 6144 6009 5889 5752 5666 5510 5384 5250 5130 5006 4915 4761 4639 4508 4375 4318 4142 4043 3888 3757 3625 3534 3377 3287 3163 3208 2876 2751 2625 2513 2446 2259 2277 2050 1914 1790 1629 1505 1416 1251 1169 1002 877 750 671 502 617 541 327 0 147 316 395 711 949 987 997 1236 1127 1332 1376 1685 1635
8504 8385 8302 8148 8000 7881 7807 7626 7568 7413 7293 7126 7016 6883 6753 6627 6500 6377 6275 6139 6020 5880 5800 5640 5514 5376 5252 5136 5049 4891 4771 4638 4500 4455 4274 4179 4020 3886 3750 3669 3505 3422 3299 3352 3004 2880 2752 2646 2586 2378 2422 2189 2052 1929 1760 1637 1523 1375 1311 1125 1010 877 816 626 756 671 454 147 0 171 320 692 936 953 932 1188 1011 1247 1250 1614 1523
8633 8517 8440 8283 8125 8011 7946 7750 7708 7549 7430 7254 7150 7014 6883 6755 6626 6500 6411 6272 6155 6010 5940 5774 5648 5505 5375 5269 5191 5026 4907 4772 4627 4601 4412 4322 4157 4021 3878 3811 3638 3566 3444 3511 3136 3013 2884 2787 2738 2500 2582 2340 2202 2079 1900 1777 1631 1506 1467 1256 1154 1015 979 766 927 839 622 316 171 0 341 742 982 974 917 1187 915 1195 1135 1577 1426
8750 8628 8531 8385 8255 8126 8034 7882 7792 7644 7523 7375 7255 7126 7000 6875 6753 6635 6510 6378 6257 6125 6026 5879 5753 5626 5511 5377 5274 5129 5006 4877 4754 4669 4507 4400 4255 4126 4004 3892 3750 3643 3519 3523 3250 3125 3001 2878 2788 2645 2595 2397 2265 2140 2000 1875 1810 1635 1513 1388 1251 1134 1007 890 835 720 531 395 320 341 0 402 642 640 613 868 752 938 1014 1297 1251
8881 8752 8632 8500 8402 8255 8133 8032 7887 7752 7628 7514 7376 7255 7135 7014 6900 6792 6625 6502 6376 6259 6128 6003 5878 5769 5671 5506 5376 5253 5127 5006 4908 4757 4627 4501 4379 4259 4163 4000 3895 3750 3625 3556 3403 3277 3161 3010 2876 2839 2644 2501 2378 2254 2161 2037 2056 1838 1636 1606 1444 1356 1155 1139 875 750 657 711 692 742 402 0 244 285 376 547 760 751 1033 1034 1170
9016 8883 8751 8627 8545 8390 8251 8178 8003 7875 7750 7655 7507 7390 7273 7154 7046 6942 6754 6636 6507 6399 6250 6137 6013 5913 5825 5644 5501 5389 5262 5144 5060 4875 4762 4627 4517 4403 4319 4131 4045 3882 3757 3649 3559 3433 3321 3158 3003 3016 2752 2638 2522 2399 2329 2207 2260 2027 1794 1804 1635 1559 1335 1354 1025 906 856 949 936 982 642 244 0 144 344 375 814 675 1066 877 1132
9137 9005 8877 8751 8662 8510 8378 8294 8130 8000 7875 7773 7629 7510 7392 7273 7162 7056 6877 6757 6629 6518 6375 6258 6134 6030 5938 5763 5625 5509 5382 5263 5173 5002 4882 4750 4636 4520 4430 4253 4159 4003 3878 3782 3670 3544 3430 3273 3126 3116 2880 2757 2638 2514 2433 2310 2340 2119 1903 1889 1725 1640 1431 1424 1135 1013 939 987 953 974 640 285 144 0 207 264 682 532 928 761 988
9255 9126 9008 8875 8773 8629 8509 8404 8263 8127 8003 7887 7750 7628 7508 7386 7272 7161 7000 6877 6750 6633 6503 6377 6252 6140 6040 5879 5752 5627 5501 5379 5278 5133 5001 4876 4752 4632 4531 4375 4266 4125 4000 3930 3772 3646 3529 3382 3252 3197 3019 2875 2752 2627 2527 2402 2393 2191 2006 1953 1798 1699 1518 1469 1250 1125 1015 997 932 917 613 376 344 207 0 279 476 375 722 689 805
9391 9258 9126 9002 8919 8765 8626 8552 8378 8250 8125 8029 7882 7765 7648 7529 7420 7315 7129 7011 6882 6774 6625 6512 6388 6287 6197 6018 5876 5764 5637 5519 5433 5250 5137 5002 4892 4777 4690 4506 4418 4257 4132 4021 3930 3804 3691 3531 3378 3379 3126 3013 2896 2772 2696 2573 2602 2382 2164 2152 1988 1902 1695 1684 1395 1274 1202 1236 1188 1187 868 547 375 264 279 0 666 365 856 502 827
9501 9379 9283 9137 9003 8876 8786 8630 8543 8396 8275 8125 8007 7877 7750 7625 7502 7382 7262 7130 7008 6876 6777 6630 6504 6375 6257 6128 6026 5880 5758 5628 5502 5420 5259 5151 5006 4877 4752 4644 4500 4395 4271 4260 4000 3875 3750 3630 3537 3386 3335 3148 3016 2891 2750 2625 2533 2379 2263 2130 2000 1877 1758 1629 1557 1434 1271 1127 1011 915 752 760 814 682 476 666 0 408 276 791 512
9629 9501 9383 9250 9146 9003 8884 8776 8638 8503 8379 8261 8125 8003 7882 7760 7645 7533 7375 7251 7125 7006 6879 6751 6627 6513 6411 6253 6127 6002 5876 5753 5649 5509 5376 5252 5127 5006 4902 4750 4638 4500 4375 4303 4143 4017 3899 3755 3627 3561 3394 3250 3126 3001 2896 2771 2744 2553 2379 2311 2162 2057 1887 1820 1625 1500 1384 1332 1247 1195 938 751 675 532 375 365 408 0 519 397 466
9752 9632 9542 9393 9251 9129 9046 8877 8804 8654 8533 8375 8262 8130 8002 7876 7750 7628 7519 7385 7264 7128 7037 6885 6759 6626 6502 6382 6286 6136 6014 5883 5750 5683 5516 5412 5263 5132 5000 4904 4753 4656 4532 4531 4252 4127 4001 3887 3802 3628 3605 3411 3278 3153 3004 2880 2766 2625 2526 2375 2253 2125 2021 1875 1830 1707 1539 1376 1250 1135 1014 1033 1066 928 722 856 276 519 0 822 338
9893 9760 9625 9503 9421 9266 9126 9054 8877 8751 8625 8531 8383 8266 8150 8031 7921 7816 7630 7513 7384 7275 7126 7014 6890 6789 6698 6520 6377 6266 6138 6021 5933 5750 5639 5503 5393 5278 5190 5008 4919 4758 4633 4515 4430 4304 4191 4032 3879 3873 3625 3515 3397 3274 3193 3070 3080 2871 2663 2636 2477 2384 2189 2157 1895 1774 1690 1685 1614 1577 1297 1034 877 761 689 502 791 397 822 0 597
10000 9876 9773 9632 9506 9375 9275 9134 9031 8888 8766 8626 8503 8375 8250 8126 8005 7887 7756 7626 7503 7375 7267 7127 7001 6876 6762 6625 6515 6376 6253 6126 6005 5904 5753 5640 5502 5375 5255 5134 5001 4885 4760 4722 4501 4376 4253 4126 4020 3894 3803 3635 3506 3380 3251 3126 3045 2885 2753 2637 2503 2384 2251 2137 2023 1898 1754 1635 1523 1426 1251 1170 1132 988 805 827 512 466 338 597 0
