30 30 8
99 34 1 71 60 73 32 27 4 22 72 16 17 50 33 34 51 25 86 12 67 17 98 87 21 65 52 6 82 53
119 106 129 101 109 129 106 123
0 903 2277 894 6972 9906 7887 7902 3650 8511 6726 11814 5619 7105 10999 8153 5036 9204 6346 3879 4197 4820 5448 9040 9771 8569 4944 2925 7666 5366 1388 8537 8230 6587 7836 6447 7838 5326 5961 83 2258 5415 3864 2143 6768 9183 6757 7823 7893 10001 9743 4908 5810 2578 4014 1630 8049 5913 7453 7279 2540 3609 8517 4547 6606 3712 6060 2674 1461 8757 4708 7609 1291 8244 6521 2242 6010 6067 5682 3689 907 8983 3882 3287 5506 9650 9381 8381 4418 9370 2448 1611 3694 4354 6167 6999 493 2471 3693 7667 1927 6890 9030 4901 6941 1414 5110 10005 3954 7276 3125 4276 5400 5142 3350 3053 8674 3176 4905 2300 7630
878 0 3185 1599 6835 9524 7694 8230 3713 8635 7194 10874 5229 7566 10566 8163 5084 8961 5384 3007 4525 4707 6124 9592 10177 9032 5518 3997 7956 4419 2297 8266 7661 6103 8173 6509 6874 5138 5460 932 3245 4706 4391 2785 7741 9207 6751 8345 7900 10297 9484 6037 6598 2223 4373 2433 7443 5110 7888 6990 3520 4490 8730 5306 6035 4497 5843 3254 2279 8673 3815 7753 2198 8519 6631 1276 6381 6519 6577 3195 1545 8660 4633 2510 5847 9686 9069 8571 3847 9123 3251 2608 3522 3668 6035 7379 982 2754 4630 8232 1777 6998 8918 4268 7473 827 5295 9523 4603 6949 4172 4905 5274 4101 4395 2223 8133 4042 5009 2719 8248
2391 3163 0 1532 6124 9367 9021 6947 3139 7686 6350 11245 5662 5332 10955 9284 5407 6747 7959 5892 3735 5538 4007 6901 8634 7110 3280 1954 6310 7823 1147 8019 8549 5777 6366 8044 8790 5836 6354 2385 253 7233 2165 1000 5988 8157 7028 6556 8394 9921 9021 2991 4291 4248 3783 1898 8716 7616 6080 6946 777 1637 7485 2025 7244 1957 7329 1003 1610 9581 6097 7796 1078 7227 6340 4563 4869 4990 3502 4775 1812 8803 2506 5146 4534 8664 8795 6092 6033 10037 1714 727 4424 6122 7069 4826 2291 2147 2354 6305 3039 5445 9428 6687 6425 3424 4554 10137 2408 6285 957 3558 6123 6927 2107 5309 9577 1192 4920 1987 5978
894 1727 1554 0 6401 9389 7649 7506 2678 7561 5797 10560 4967 6316 10424 8294 4808 7913 6021 4194 3458 4654 4605 7965 8625 8243 3745 2738 7204 5893 1135 7565 7679 5765 6374 6626 7653 5172 5774 997 1636 6008 2950 1196 6148 7691 6761 6935 7536 9820 9028 4388 5147 2665 3212 1875 7653 6137 6772 6205 1971 3023 7464 3375 6449 3401 6399 1589 1574 8888 4563 7168 757 7734 5984 2685 5267 5086 4612 3726 335 8149 3600 3699 4695 8603 8231 7093 4485 9286 2292 1049 3409 4689 6186 5648 762 1636 3368 7127 1840 5626 8481 4944 6612 1707 4284 9454 2901 6007 2636 3617 4903 5726 3004 3859 8804 2542 4254 1414 7012
7025 7323 6097 6365 0 3698 5452 2192 3255 1374 501 6294 2294 1785 5810 4335 2694 4117 6565 7106 2434 3717 3020 4666 2883 3342 3237 8299 1712 9061 6942 2440 5198 1198 1563 5530 5888 3647 3139 6720 6182 7174 4203 5421 1522 1807 3124 1114 2781 4093 2541 5390 3169 5607 2939 7680 5233 7177 1979 1202 6732 7642 1817 6018 3682 8102 4962 5075 7113 4663 6003 1755 6733 1362 449 7276 1801 1321 4968 5036 5805 3668 8208 7308 1495 2933 3270 3416 6203 5071 7568 6167 3882 6273 3868 4690 6692 4480 8156 2899 5322 738 4349 6453 910 6422 1824 5513 3924 531 6264 2493 3896 8223 8059 7862 5093 4975 2027 4863 2224
10032 9836 9316 8965 3763 0 3888 4844 6504 3431 3578 2825 4234 5202 2342 2477 4563 7160 6455 7882 5725 5157 6517 7542 4047 6040 6634 11539 4689 9742 9878 1319 3827 3612 5002 5148 4907 4541 4075 9563 9517 7220 7520 8571 4933 3244 2775 3877 1604 572 2751 8605 7092 7670 5821 10582 3479 7012 5261 2813 10115 11007 3763 9437 3479 11745 4817 8283 10792 2184 6845 2026 9850 2852 3336 8945 5521 4937 8766 6984 8677 663 12580 8524 5090 1742 568 7035 6975 2199 10746 9184 5932 7274 3739 7895 9077 7376 11964 6336 7583 4437 1551 7042 4225 8829 5349 2490 7075 3953 10179 6137 4725 8655 12049 9546 3021 8716 4721 7880 5167
7796 7779 9177 7944 5342 3860 0 7244 6240 5671 5043 3708 3986 7292 3173 1321 3801 9298 3114 5221 5499 3479 7879 9532 6881 8664 7353 10834 7233 6046 9410 3718 101 4342 6836 1571 1190 3097 2714 8458 9321 4173 8157 8297 6669 5998 2180 6302 2879 4039 5843 10076 8171 5337 5584 10024 387 3696 7070 3972 9559 10560 6343 9698 2027 11082 1938 8262 9645 1829 4148 4419 8954 5465 5113 6518 7210 6207 9829 4441 7948 3295 11594 5815 5667 5282 3757 9278 4224 2227 10655 8456 4832 4006 1977 10061 7352 6964 10893 8756 6376 5816 2416 3812 6344 6659 5447 2134 7345 5754 9406 6494 2945 5462 11388 6887 1080 8975 4776 6828 7418
8003 8648 6907 7401 2127 4871 7299 0 4699 1781 2768 7973 4588 1187 7834 6295 5098 2297 8480 8840 4208 5935 2897 2458 1954 1010 3388 8802 440 11159 7982 4107 7242 3515 692 7307 8526 5812 5564 8464 7148 9560 4845 6280 1155 1995 5421 1379 4649 5454 2655 4961 2675 7227 4515 8449 7346 9254 662 3250 7517 7371 1288 5706 5991 8047 6978 5810 8355 6538 8306 3450 7570 2096 2774 9111 2102 2136 4315 7203 7000 5149 9168 9304 2949 3493 4477 1701 8167 7124 8445 7303 5727 7894 6003 3365 7970 5684 8095 1108 7207 1851 5901 8803 1296 8285 3529 7256 4383 1623 7083 3860 5777 9697 8255 9838 7262 5786 4032 5790 594
3597 3949 3006 2821 3229 6676 5895 4701 0 4653 3322 8279 2303 3765 8126 5789 2386 5849 5444 4363 819 2821 2737 6165 6239 5602 2068 5050 4330 6650 3750 4984 6176 2929 4066 5350 6037 3198 3405 3444 3431 5388 2108 2155 3744 5337 4419 4278 5150 7160 6268 3963 3087 2775 525 4455 5733 5593 4071 3778 3934 4877 4877 3951 4081 4971 4853 2106 4080 6245 4302 4695 3302 4541 3328 3899 2657 2565 3921 3009 2612 5824 5763 4486 1953 6070 6012 5129 4024 6941 4888 3080 1630 4466 3871 4528 2964 1108 5239 4761 2305 3021 6210 4479 3724 3283 1476 7455 1758 3453 3970 946 3178 5883 5286 4822 6789 2623 1688 1290 4134
8023 8826 7690 7746 1438 3278 6201 1881 4484 0 1571 6004 3519 2315 5446 4832 3867 4083 8090 8292 3932 5101 3967 4403 1495 2610 4196 9355 1540 9860 7828 2395 6095 2307 1579 6056 6689 4465 4255 8228 7372 8369 5138 6709 1930 529 3726 644 3115 3747 1341 5901 4114 6711 4153 9174 5452 7829 1985 1946 7690 8871 699 6664 4333 8887 6195 6580 8957 4979 6995 1696 7833 396 1581 8326 2852 2361 5558 6847 7052 3321 9937 8171 2751 1782 2705 3436 6884 5034 8840 7717 5491 7230 4841 4793 7818 6053 9150 2850 6465 1747 4101 7582 1167 7864 3093 5647 5242 1349 7355 4032 4841 8818 8921 9257 5434 6545 3531 6099 2170
6543 6875 6066 5827 486 3443 4805 2601 3153 1618 0 6313 1945 2429 5453 3929 2520 4612 6517 6480 2360 3250 3300 5065 3194 3766 3351 7763 2244 8054 6761 2100 4833 708 2108 5147 5592 3142 2747 6868 6690 6793 4257 5378 1943 2058 2651 1451 2449 3949 2652 5514 3728 5260 2831 8021 4653 6653 2572 836 6782 7290 2300 6346 3106 8391 4834 5328 7698 4360 5614 1415 6608 1450 57 7020 2196 1587 5384 5096 6070 3132 8828 6894 1566 2670 2872 4019 5525 5042 8172 6302 3606 5704 3363 4960 6263 4382 8160 3369 5040 1090 3888 5823 1391 6467 1846 5056 3834 1052 6869 2555 3369 7655 8357 7252 4981 5076 1720 4466 2649
10939 10700 11815 10559 6757 2841 3975 7755 8672 6059 5881 0 6197 8602 738 3217 6073 10293 6985 9438 7950 6290 9377 10434 6732 8581 9093 14308 7367 10327 12347 4136 3725 5982 7407 5336 5008 6033 5647 11016 11701 7488 10188 11356 7705 6093 4419 6467 3735 2499 5422 11797 9384 9221 8422 13185 3553 7400 8193 5240 13083 13160 6704 12542 4795 13738 5762 10861 12136 2251 8017 4662 11646 5956 6201 10544 8624 7745 11599 8270 10556 2955 13761 9865 7788 4706 3479 9960 7845 1668 12804 11366 7707 7968 4941 10641 10841 9477 13492 9000 9361 7193 2472 7532 6918 9882 7458 1776 10406 7152 12728 8209 6084 9327 14435 10591 2703 11252 6761 9501 8490
5226 5492 5749 4698 2420 3965 3793 4464 2493 3515 2001 6523 0 3715 5722 3365 472 6634 4371 4354 1873 1442 4042 6570 5059 5439 3848 7251 3910 6386 5673 2817 3836 1238 3926 3239 4144 1243 1220 5304 5546 4753 4391 4450 3598 4037 1805 3357 2583 4836 4594 5738 4370 3409 1915 6513 3735 4381 3949 1773 6361 6943 4063 6046 1702 7561 2992 4445 6560 4130 3628 2731 5481 3406 1925 5096 3210 2691 5635 3075 4618 3749 8409 4946 2054 4158 3718 5391 3627 4403 6732 5805 1838 4026 1776 5734 5176 3463 7645 4812 3598 2601 3815 4124 3170 4528 1740 4565 3734 2715 6309 2451 1511 5411 7584 5630 4244 4894 829 3621 4333
7239 7063 5700 5877 1797 5596 7009 1157 3539 2253 2361 7879 3866 0 7837 6220 4373 2474 8056 7538 2880 5310 1797 2728 3028 1951 2401 7693 1006 9497 6776 4152 6854 2942 774 6871 7480 5205 4899 6802 5825 8585 3504 4941 431 2683 4967 1560 4535 5717 3667 3727 1669 6110 3307 7316 7199 8454 550 2987 6512 6762 2206 4662 5290 7376 6484 4677 7251 6990 7547 3626 6281 2526 2402 7714 892 1303 3379 6444 5917 5332 8126 8077 2039 4046 4800 1805 6982 6734 7056 6114 4887 7553 5454 2806 6320 4320 7262 1285 5644 1241 6105 7811 1176 6748 2407 7352 3295 1304 5886 2604 5328 8843 7028 8126 7442 4451 3192 4554 672
11070 10364 10573 10488 6071 2386 3097 7289 8093 5883 5423 806 5282 7756 0 2207 5451 9408 6586 7969 6915 5636 8499 10071 6588 8734 8711 13411 7200 9286 11531 3398 3249 5347 7279 4543 4262 5218 4846 11007 11135 6950 9479 10484 7298 5646 3604 6233 3199 2240 5101 11335 9405 8114 7542 12562 2985 7085 7851 4894 11597 12916 6124 11623 3996 13141 4780 9869 11923 1584 7215 4243 11296 5062 5647 9212 7672 6897 10430 7408 10359 2460 13848 8732 6585 4039 3003 9006 6950 967 13071 11531 7044 6958 4307 10441 10392 8545 13778 8598 8359 6743 1665 7143 6844 9708 6681 958 9656 6128 12106 7535 5531 8878 12894 9462 2030 10323 5988 9082 8068
8604 8148 8613 8270 4356 2625 1386 6653 5522 4638 3824 2995 3523 6249 2219 0 3359 9060 4535 6286 5247 3563 7108 9028 5973 7738 6711 10865 6040 6851 9102 2443 1365 3654 6234 2629 2456 2910 2567 8817 9281 5075 7729 7712 5902 4837 1528 4901 1666 2923 4731 9404 7607 5919 5115 9419 972 4974 6359 3182 10024 10836 5698 9420 1866 11290 2651 7955 9973 804 4782 3044 8592 4240 3901 7233 5925 5615 9136 4987 7622 1841 11454 6328 4843 4098 2480 7779 4687 1312 9970 8670 4700 4795 2011 8620 7723 6878 10729 7597 6509 5052 1113 4991 5218 7556 4935 1391 7096 4831 9695 5898 3034 6546 10417 7716 810 8598 4067 6597 6587
5265 4886 5624 4602 2855 4395 3487 4918 2298 4191 2339 6615 504 4272 5711 3293 0 7096 3990 3934 1913 934 4470 6712 5410 5710 4022 7242 4367 5643 5998 3392 3441 1746 4368 3137 3777 815 943 5351 5540 4338 4233 4385 4088 4373 1854 3835 2956 5094 5063 5830 4563 2944 1966 6294 3429 4155 4635 2111 6057 7174 4522 5897 1638 7600 2549 4505 6094 4198 3209 2965 5490 3936 2340 4872 3628 2854 6062 2499 4523 3753 8156 4614 2259 4765 3936 6109 3056 4881 6873 5439 1551 3400 1701 5983 4855 3258 7937 5294 3168 3000 3912 3464 3608 4454 2081 4920 4109 3265 6251 2532 995 5094 7581 5360 4099 5238 1143 3393 4681
8656 9042 7254 8111 4381 7154 9655 2166 5871 4103 4806 10096 6266 2465 9690 8803 7093 0 10493 10108 5718 7611 3307 212 3781 1428 4135 8370 2541 12611 8470 6398 9895 5455 2564 10115 10020 7717 7221 8915 7138 11473 4984 7032 2816 4085 7422 3431 7190 7782 4576 4447 2896 8804 5970 8833 8927 10933 2224 5563 7276 7162 3413 5650 7720 7664 9588 6508 8485 8531 10183 5812 8251 4232 4539 10313 3232 3646 3739 9115 7830 7328 8436 10102 4481 5576 6736 843 9440 9408 8688 7892 7481 9605 8312 2323 8343 6442 8286 1394 8330 3771 7910 10203 3426 8813 4967 9918 5148 3742 7063 5128 7688 11527 8029 10585 9091 5527 5679 6928 2127
5929 5304 7860 6254 6447 6640 3376 9217 5314 7368 5939 7142 4563 8450 6500 4244 3952 10503 0 2529 5468 3033 8050 10916 9338 9515 7708 9014 8100 2911 7310 6376 3286 5518 7995 1739 2226 3073 3487 5886 7860 772 7435 6634 7839 8065 4058 8043 5540 7088 8113 8806 8660 3549 5190 7907 3410 579 8238 6006 8226 9622 8686 9065 3604 9822 1675 6891 7365 4791 1505 6111 6959 7646 6021 4304 7519 6582 9823 2669 6125 6146 9668 3018 5937 7570 6538 9425 1578 5750 8743 6977 3792 1534 3231 10081 5940 5863 9653 9124 4588 6884 5405 1206 7559 4589 6040 5277 7115 7093 8225 6303 3075 2107 9102 3620 4150 8022 5205 6024 8324
3630 2981 5740 4116 6928 8220 5317 8824 4483 8449 6542 8975 4430 7781 8285 6253 4121 10147 2476 0 5035 3309 7092 10412 9448 9789 6403 6943 8409 1962 4936 7228 5119 5986 8317 3693 4636 3582 4168 3959 5678 1885 5944 4981 7939 8194 5339 7945 6463 8796 9281 7870 7385 1864 4657 5258 5342 1976 8161 6530 6205 7181 8958 7507 4557 7676 3399 5294 5239 6525 1215 7219 4633 7659 6503 1749 6869 6312 8465 1528 3817 7536 7482 614 6120 8572 7754 9708 1216 7701 6017 5391 3110 1068 4329 8561 3428 3971 7272 9304 2488 6641 7166 1295 7228 2362 5219 7186 5837 7126 6714 5464 3637 1445 7469 1393 6490 6411 4636 4001 8855
4502 4494 3960 3515 2628 5473 5783 4169 843 3763 2537 8250 1837 2923 7022 4966 1880 5568 5540 4814 0 2558 2555 5744 5468 4729 2045 5596 3533 6788 4682 4289 5248 2137 3451 4793 5492 2735 2898 4476 4154 5738 2497 3018 2906 4595 3627 3494 4187 6375 5114 3943 3046 3278 335 5496 5147 5398 3396 2712 4712 5282 4144 4470 3489 5953 4449 2754 4839 5858 4245 3771 4138 4039 2592 4578 2231 1856 4090 3202 3289 5195 6603 4986 1176 5176 5116 4779 4177 6234 5719 4173 1884 4413 3409 4305 3779 1997 6320 4007 3007 2380 5678 4551 2930 3877 649 6360 1999 2641 4340 695 2953 6154 6127 5494 6131 3287 1000 2099 3698
4658 4648 5499 4418 3825 4913 3449 6141 2717 5114 3228 6405 1365 4933 6089 3634 952 7463 3016 3245 2572 0 4826 7623 6495 7020 4648 7054 5226 4842 5707 4083 3371 2716 5219 2395 3146 588 1111 4771 5800 3520 4626 4484 4829 5453 2163 4917 3440 5763 6019 6794 5359 2446 2529 6430 3405 3160 5469 2960 5980 6937 5793 6427 1699 7534 1981 4664 6116 4146 2298 3866 5013 4939 3240 3887 4268 3853 6895 1807 4354 4323 7956 3760 3141 5378 4407 6781 2206 4662 7097 5162 1303 2325 1472 6923 4575 3440 7649 6188 2979 3944 4419 2584 4333 3846 2687 4815 4590 4143 6568 3354 507 3967 7778 4416 4215 5157 1879 3522 5784
5763 6236 3804 4484 3000 6485 7999 2943 2774 3719 3304 9204 3837 1666 9015 6824 4158 3242 7870 6845 2451 4963 0 3509 4856 3388 770 5716 2661 9004 4971 5490 7466 3485 2525 6974 7908 5056 5123 5765 4185 8298 1822 3569 2094 4366 5676 3154 6015 7554 5299 2251 518 5240 2640 5981 7643 7866 2224 3973 4438 4808 4016 3030 5535 5191 6795 3187 5512 7897 7108 4876 4478 4164 3404 6722 1105 1746 1938 5570 4687 6422 6115 7159 2100 5583 6184 2502 6486 7840 5303 4439 4482 7124 5811 1872 5265 3219 5404 2311 4728 2274 7254 7159 2764 5919 2272 8662 1654 2805 4024 1812 5233 8831 5770 7870 7670 2619 3097 3350 2373
9089 9145 6902 7971 4322 7387 9525 2336 5900 4112 4926 10195 6236 2899 10055 8634 7110 213 10918 10183 5680 7518 3472 0 3725 1678 4299 8520 2817 12992 8311 6712 9627 5715 2873 9702 10586 7680 7404 8837 7193 11490 5118 6701 2939 4262 7974 3624 7028 7930 4783 4532 2976 8572 5595 8915 9960 11412 2410 5876 7214 7500 3593 5419 8023 8074 9825 6121 8456 9213 10496 5668 7953 4682 4739 9867 3441 3963 3696 8684 7945 7731 8246 10053 4654 6029 6826 1027 10085 9060 8624 7373 7694 10391 8079 2389 8863 6950 8621 1566 8378 3765 8617 10174 3623 9052 4889 9533 4788 4088 6532 5316 7963 11765 8043 11295 10098 5999 6034 6891 2245
10014 10029 8686 8448 2751 3917 7090 2043 5900 1529 3104 6484 5112 2932 6669 5706 5778 3770 9470 9513 5091 6366 4698 3865 0 2331 5214 10108 1956 11697 9551 3251 7223 3938 2231 7745 8309 5843 5939 9817 8776 9340 6417 8160 2648 1134 5312 1798 4380 4147 1231 6850 4849 8126 5698 10572 6969 9699 2586 3337 9125 9699 1040 7923 6029 9759 7759 7595 9833 6059 8400 2981 9201 1698 3166 9925 3807 3568 6235 7683 8737 4132 10535 10034 4025 2186 3433 3440 8739 6237 9886 8685 6544 8849 6246 5416 9010 7116 10374 2896 8091 3064 5040 8766 2273 9244 4475 6536 5986 2673 8575 5055 6604 10639 10208 10409 6596 7454 5018 7203 2419
8788 8991 7467 7941 3190 6071 8299 1070 5355 2711 3625 8914 5689 1963 8375 7301 5922 1406 9997 9574 5053 6735 3266 1614 2319 0 4269 8794 1514 11274 8680 5190 8197 4487 1649 8438 9358 6415 6296 8846 7502 10255 5326 6729 1947 2771 6246 2424 5489 6339 3327 4911 2967 8054 5139 9297 8016 10521 1446 4466 8193 8161 1999 6058 6629 8523 8460 6715 8993 7419 9197 4395 8039 3204 3847 9390 2770 3140 4468 8304 7747 6175 8971 9575 3826 4051 5621 1252 9175 7985 9054 8060 6986 9615 7099 3163 8073 6165 9223 1093 7771 2685 7065 9631 2470 8863 4242 8400 4939 2657 7234 4741 6843 10906 8530 10008 8242 5949 4738 6365 1285
4916 5193 3095 3912 3107 7180 7314 3400 1995 4126 3529 9747 3740 2238 8738 7289 4026 4033 7488 6252 2095 4465 796 4116 5236 4237 0 5111 3337 8605 4133 5440 7462 3518 3002 7104 7809 4783 4784 4779 3560 7328 1110 2659 2631 4562 5290 3689 5834 7643 5723 2277 1314 4772 2085 5070 7349 7056 2996 4235 4056 4182 4260 2618 5222 4916 6169 2316 4674 7775 6500 4740 3932 4261 3464 5729 1508 1909 2068 4848 3760 6694 5365 6274 1926 6149 6141 3226 5921 8291 5006 3692 3580 6079 5255 2580 4598 2527 5046 3152 3941 2635 7202 6596 2927 4989 1964 8175 856 3036 3451 1266 4688 7737 4918 6705 8045 2186 2802 2518 3106
3023 3982 1981 2833 8130 11866 10758 8187 5240 9678 7870 13590 7226 7503 12936 10912 7075 8309 8699 6758 5668 7451 5859 8268 10294 8813 5198 0 8710 8649 1794 9805 10596 7629 7950 9264 10298 7733 8400 3052 1784 8305 4020 2716 7991 9813 8980 8434 10075 11746 10640 4193 5791 5578 5592 1458 10812 8315 7922 8716 1243 1325 9683 2977 9321 856 8937 3109 1584 11068 7658 9356 1996 9815 8328 4985 6301 6650 4815 6637 3220 10533 800 6654 6886 11285 10779 8008 7110 11636 551 1841 5955 7144 8843 5857 3155 3895 803 7754 4577 7344 11269 8063 8395 4524 6196 12527 4378 8218 1707 5753 7570 8099 419 5959 11153 2875 7077 3975 8138
8153 8520 6551 6903 1703 4717 6930 458 4579 1534 2332 7447 4081 1023 7467 6154 4389 2627 8721 8559 3644 5541 2800 2787 1997 1518 3479 8061 0 10370 7898 3858 7152 2986 317 7196 7985 5405 5051 7646 6806 8559 4510 6040 812 1855 4998 910 4537 5128 2578 4871 2777 7137 4033 8620 6563 8974 589 3022 7159 7192 1202 5833 5053 7981 6800 5764 8246 6552 8044 3023 7317 1914 2236 8277 1869 1891 4326 6807 6932 4607 8522 8301 2490 3377 4182 1921 7921 6458 8563 6801 5441 7697 5753 3363 7074 5204 8702 1421 6748 1427 5661 8377 911 7232 2931 6998 4153 1301 6540 3568 5530 9291 8298 9256 6892 5672 3662 5696 652
5369 4562 7156 6111 8863 9400 6267 10983 6555 9583 8142 9929 6193 9544 9246 7452 6007 12758 2822 2036 6558 4756 9554 12043 11736 11815 8537 8634 10010 0 7053 8924 5895 7681 10124 4372 4975 5155 5906 5175 7669 2078 8160 6790 9407 10544 6607 10144 8261 10072 11242 9838 9526 3911 6675 6938 6214 2276 9995 7715 7914 9250 10741 9109 5852 8662 4299 7482 7096 7600 2603 8399 6316 9874 8150 3157 9385 8271 10616 3548 5634 8757 8970 2014 8092 9973 9002 11821 2666 8291 7630 7047 5088 2478 5680 11188 5259 6119 9297 11212 4777 9060 8175 2320 9529 3950 7114 7915 7640 8982 8435 7647 5210 762 9027 2138 7116 7730 6451 6151 9956
1404 2347 1237 1107 7098 10247 8901 8007 3687 8370 7217 11810 6149 6345 11146 9439 5883 8393 6973 4895 4394 5755 4842 8596 9499 8738 4198 1781 7867 6509 0 8881 8940 6719 7072 7579 8763 5931 6778 1339 1010 6953 3293 1460 6649 8475 7872 7521 8927 10494 9188 4082 5272 3795 4014 860 9318 7121 7266 7257 1125 2188 8370 3199 7151 2263 7239 1934 527 10110 5601 8130 411 8173 6976 3614 5604 5685 4721 4558 1458 9094 2482 4795 5174 10087 9276 7656 5895 10912 1230 553 4257 5922 7029 5732 1645 2547 2444 7138 2827 6449 9285 6253 7210 2756 4828 10861 3324 6703 2026 4518 6345 6379 2107 4727 9931 2305 5429 2393 7029
8530 8430 7956 8077 2514 1359 3674 3915 4931 2344 2179 4016 2914 4089 3515 2498 3234 6101 6336 7171 4311 4050 5434 6705 3389 5044 5394 10045 3768 8702 8523 0 3692 2094 3598 4645 4941 3451 2933 8465 8455 6851 6429 7047 3919 2384 2013 2684 867 1936 2396 7731 5832 6341 4669 9433 3512 6667 3998 1493 8983 9681 3021 8343 2636 9757 4466 7445 9646 2633 6056 736 8608 1911 1991 7854 4480 3550 7577 5900 7388 1081 10466 7361 3646 1577 797 5851 6288 2826 9646 7913 4839 5979 3012 6588 7543 5922 10573 4971 6222 3040 1877 6430 3149 7358 3730 3259 6213 2797 8821 4584 3782 8230 10086 8017 3337 7305 3469 6618 4395
8391 7895 9082 7970 5069 3676 99 7520 5840 5677 4637 3939 3808 6926 3254 1292 3469 10005 3051 5278 5707 3443 7966 9892 6877 8763 7431 10825 6869 5902 9140 3753 0 4307 7220 1504 1135 2865 2651 8247 9302 3811 7872 7813 7036 6099 2140 6057 3041 4028 6300 9376 7979 5555 5489 9363 372 3804 7534 4259 9538 10251 6253 9327 2030 10879 1907 8251 9454 1915 3811 4164 8446 5776 4807 6390 6894 5902 9196 4344 7465 3087 11170 5815 5759 5411 3785 8630 3958 2367 10017 8429 4630 4302 1947 9562 7639 6801 10993 8500 6336 5957 2363 4091 6182 6554 5290 2203 7625 5577 9879 6390 2673 5325 10548 6654 1170 8404 4603 6841 7706
6442 6346 5747 5862 1227 3338 4425 3395 2829 2391 700 5948 1185 2780 5143 3490 1633 5311 5387 5995 2056 2544 3708 5688 3930 4621 3390 7916 2989 7280 6548 2233 4106 0 2780 4411 4913 2378 2081 6197 6115 5885 4315 5381 2545 2831 2205 2124 2173 3926 3330 5628 3995 4757 2450 7471 4022 5551 3077 723 6468 7494 2873 5963 2401 8071 3976 4945 7122 4013 5086 1565 6119 2143 747 6330 2519 1965 5376 4103 5588 2976 8567 5826 1518 3087 2890 4619 4648 4571 7291 5864 3105 4962 2637 5507 5857 4044 7904 3976 4623 1668 3635 5339 2012 5614 1582 4855 4105 1726 6400 2522 2466 7056 8070 6443 4528 5022 1288 4072 3262
7617 7574 6541 6946 1674 4718 7258 682 3906 1613 2015 7490 3630 726 7067 6166 4365 2562 7981 7965 3473 5118 2435 2994 2268 1631 2966 7819 304 10403 7359 3545 6962 2664 0 7087 7633 5080 5015 7653 6417 8973 4243 5943 501 1977 4542 994 4317 5494 2709 4679 2351 6800 3594 8335 6332 8611 472 2709 6791 6961 1375 5414 5263 7971 6447 5223 8056 6447 7440 2953 6656 1964 2040 8101 1533 1613 3980 6790 6776 4798 8693 8594 2378 3436 4188 1882 7242 6440 8050 6906 5343 7212 5372 3252 7013 4878 8013 1478 6276 1146 5545 7605 711 7481 2845 6659 3809 1056 6450 3197 5244 9610 7911 8728 6535 5325 3461 5150 617
7054 6161 8069 6879 5176 5000 1554 7583 4932 6543 5172 5526 3368 6914 4606 2575 3020 9589 1738 3721 4722 2453 6949 10017 7791 9058 6600 9176 7034 4726 8083 4400 1486 4063 7044 0 885 2125 2231 6955 8193 2463 6963 6555 7022 6387 2435 6677 3591 5445 6699 9041 7705 3988 4732 8622 1702 2229 7096 4536 8080 9596 6650 8904 1949 10207 497 6919 8341 3090 2538 4604 7615 6237 5001 5072 6573 5756 9217 3078 6147 4096 10504 4517 5510 6308 4932 8788 2469 3762 8797 7358 3436 2654 1570 8944 6099 5502 9701 7938 5051 5989 3748 2519 6505 5616 5081 3710 7107 6076 8529 5388 2109 3792 10020 5230 2505 7631 3966 6013 7759
7816 6796 8953 7279 5885 4783 1105 7820 5783 6766 5331 4753 4048 7480 4266 2522 3664 10063 2273 4276 5542 3277 8164 10146 8095 9017 7740 9856 7546 4823 8685 4924 1162 5030 7715 905 0 2862 2994 7409 8646 2856 7847 7946 7113 6650 2871 7126 3784 5394 6993 9889 8722 5062 5831 9485 1520 2818 8279 4965 9255 10834 7673 10027 2470 10785 1429 7866 8624 3027 3179 5243 8395 6581 5534 5763 7177 6685 9415 4084 7329 4116 11032 4889 5791 6294 4939 9608 3330 3462 9391 8397 4265 3390 2215 10298 7077 6498 10450 9140 5584 6735 3587 3178 6672 6318 5582 3195 7996 6647 9839 6076 2928 4126 10604 5569 2287 8367 4953 6972 7883
5229 4997 6035 5133 3375 4385 3073 5915 2972 4703 3206 6000 1207 5197 5383 3010 821 7593 3314 3831 2782 562 5219 7515 5856 6822 4640 8119 5478 5384 6157 3482 2733 2321 5054 2110 2964 0 536 5483 6261 3663 4937 5041 4732 4945 1569 4421 2849 5015 5484 6987 5452 3075 2642 7147 2743 3545 5597 2575 6535 7740 5187 7028 1115 7655 1740 5329 6655 3584 2817 3394 5601 4587 3074 4567 4664 3866 7110 2218 4616 3954 8436 4177 3051 5006 4059 7007 2573 4379 7649 6128 1826 2886 982 6720 4804 3619 7868 6250 3609 4044 3750 3028 4436 4310 2941 4535 4637 4129 6556 3378 219 4470 8052 4893 3672 5563 1894 3991 5651
6105 5664 6332 5497 3191 3858 2793 5582 3377 4389 2726 5471 1145 4984 4588 2433 998 7767 3259 4196 2934 1107 5070 7884 5500 6250 4646 8094 5007 5864 6749 3017 2654 2183 4687 2201 2926 542 0 5803 6453 3944 5441 5673 4780 4813 1132 4125 2334 4471 4862 6967 5676 3530 3124 7597 2428 3735 5395 2404 7418 8191 4984 7279 690 8037 1892 5502 7273 3169 3005 2878 6172 3847 2954 4928 4302 3682 6860 2830 5214 3243 8639 4765 3190 4496 3422 6819 3121 3738 7763 6136 2305 3326 669 7131 5574 4212 8702 5997 3875 3800 3111 3162 4109 5012 2892 3895 5182 3854 7422 3680 704 4744 8325 5622 3016 5976 2034 4591 5407
85 953 2354 992 7128 9429 8126 8464 3644 8319 7119 11314 5337 7273 10417 8479 5517 9022 5962 3782 4351 5121 5777 9188 9581 8700 4730 3110 8162 5147 1326 8495 8047 6139 7881 6856 7455 5526 5913 0 2123 5866 3923 2061 6910 8638 7407 7513 8509 10281 9219 5062 6026 2730 4153 1538 8084 5801 7811 6873 2558 3459 8725 4290 6792 3568 6139 2636 1478 9284 4767 8383 1292 8625 6938 2153 6102 6197 5883 3754 1023 9505 3980 3518 5409 9996 8799 8073 4447 10064 2533 1658 3746 4446 6423 6720 543 2430 3870 7900 2062 6678 9353 4732 7502 1467 4935 9450 3783 7270 3360 4307 5496 4895 3455 3329 8868 3275 5102 2416 7575
2313 3003 256 1565 6439 10044 9095 6940 3220 7716 6523 12535 5654 6103 11282 9332 5747 7326 7385 5736 4280 5797 3994 7199 8651 7411 3639 1713 6780 7524 964 8375 8979 6144 6413 7855 9120 5908 6386 2281 0 7663 2328 1136 6129 7918 7652 7003 8296 10048 8557 3073 4498 3924 3756 1749 9309 7230 6512 6860 558 1574 7942 2165 7150 1951 7368 1295 1457 10115 6032 7747 943 7781 6256 4384 4956 4986 3951 5200 1844 9677 2374 5412 4975 9268 9318 6410 5855 10670 1465 604 4301 6250 7365 5241 2339 2473 2076 6695 3285 5675 9618 6656 6614 3453 4666 10342 2672 6439 1050 3942 6034 7327 1907 5385 9898 1540 5066 2223 6336
5543 4770 7249 5716 7393 7207 3914 8954 5649 8030 6723 7763 4919 8412 6895 4888 4305 10598 777 1884 5547 3226 7843 11010 9618 10165 7766 8821 9164 1966 6733 6762 3863 5799 8183 2629 2929 3666 3787 5549 7352 0 7739 6267 8069 8217 4738 8312 6174 7551 9042 8777 8254 3343 5712 7036 4248 216 8643 6373 8114 9274 8728 8565 4126 8988 2477 6793 7324 5659 1217 7110 6517 7623 6980 3713 7821 7511 9690 2568 5824 6612 9845 2488 6420 8195 7457 9760 1436 6262 8310 6593 3930 1242 3758 9673 5538 5398 9400 9324 4234 7230 6346 926 7853 4202 6249 6379 6929 7450 7967 6188 3449 1412 9363 3163 5260 7593 5481 5480 9067
3835 4672 2083 3099 4401 7791 7731 4555 2064 5136 4621 10250 4160 3480 9986 7611 4528 5183 7474 6298 2500 4933 1718 5136 6630 5298 1100 3826 4291 8407 3139 6526 7617 4608 4239 7577 8189 4941 5194 3932 2369 7496 0 1906 3682 6121 6112 4828 6426 8734 6898 1746 2213 4325 2482 4026 7882 7546 3806 5142 2799 3241 5391 1704 5940 3834 6510 1287 3831 8356 6382 5739 2872 5286 4594 5167 2600 2995 2059 4982 3154 7632 4176 6217 2863 7375 6925 4284 6074 8428 3599 2716 3676 5986 6203 2911 3731 2004 4105 4160 3655 3802 8047 6418 4219 4314 2633 9475 449 3981 2292 1880 5301 7235 3867 6049 8452 961 3573 2020 4195
1988 2717 1012 1173 5469 8407 7900 6082 2315 6825 5475 11293 4521 5282 9790 7939 4676 6919 6777 4913 3142 4697 3501 6987 7575 6757 2669 2721 6063 6699 1485 7332 8104 5166 5748 6907 7732 5115 5352 2073 1131 6546 1874 0 5204 7373 6361 6363 7228 9233 8291 3068 4052 3048 2773 2447 8113 6461 5459 6111 1747 2751 7135 2550 6325 3132 6443 506 2175 8257 5202 6697 1154 6664 5643 3832 4344 4254 3780 3961 1306 8204 3553 4796 3809 7968 8232 6295 5302 9503 2371 1054 3305 5352 5779 4755 1779 1297 3151 5800 2423 5172 8397 5726 5794 2651 3594 9760 1995 5381 1883 2670 5151 6578 2935 4865 8370 1373 4064 1082 5857
7265 7665 5694 6362 1532 4823 6654 1074 3749 1790 2012 7636 3350 432 7367 5802 3810 2797 7799 7865 2919 4963 2115 3203 2727 2011 2633 7818 798 9646 6812 3755 6916 2538 487 6959 7279 4616 4729 7306 5882 7987 3808 5311 0 2239 4806 1264 4296 5221 3097 4077 2171 5851 3187 7628 6286 8047 632 2766 6355 6711 1744 5230 4944 7386 6636 4710 7029 6454 7056 2979 6452 2193 1849 7344 1043 1181 3769 6000 6046 4898 7755 8264 1854 3842 4592 2074 7136 6666 7459 6034 4752 7025 5183 3223 6799 4567 7542 1530 5774 875 5632 7548 711 6942 2225 6634 3532 969 5873 2644 4792 8990 7557 8358 7062 4820 2855 4767 785
8713 9109 8101 8247 1893 3068 6286 2063 5088 553 2090 6094 3915 2807 5480 4949 4482 4069 8074 8906 4260 5406 4270 4219 1178 2889 4949 9904 1739 10591 8651 2330 6152 2755 2038 6392 6973 4830 4725 9049 8075 8813 5823 6906 2374 0 3982 1137 3137 3576 841 6282 4329 7336 4683 9428 5889 8338 2331 2317 8936 9134 703 7068 4558 9794 6546 6889 9587 4757 7774 1739 8238 595 2123 9256 3277 2847 6039 6917 7993 3423 10141 8846 3371 1475 2634 3816 7562 5040 9262 8524 5895 7542 5121 5258 7990 6200 10354 3202 7336 2257 4076 7650 1758 7904 3836 5535 5378 1766 7804 4567 5122 9296 9957 9696 5761 6786 4048 6763 2546
6820 6705 7161 6695 3132 2757 2200 5478 4311 3804 2639 4468 1875 4979 3596 1552 1802 7123 4098 5292 3573 2249 5445 7672 5405 6609 5252 9188 4915 6386 7861 2065 2156 2180 4862 2443 3008 1654 1174 7343 7339 4615 6038 6532 4789 4004 0 3993 1386 3318 4159 7339 6094 4601 3632 8699 1842 4456 5299 1916 8316 8668 4742 8079 655 9774 2354 6429 8215 2286 4079 2394 7229 3556 2760 6325 4915 4094 7511 3919 6108 2259 9924 5764 3493 3647 2593 6757 4075 2687 8624 7090 3323 4405 1007 7423 6380 5056 9473 5856 5224 3732 2123 4235 3961 6237 3334 2978 5582 3833 8234 4382 1719 5752 9771 6293 2331 6915 2733 5160 5119
7668 8326 6882 6999 1061 3769 6450 1368 4143 612 1525 6806 3279 1592 6128 5286 3912 3543 7777 7797 3608 4610 3351 3941 1772 2400 3802 8488 936 9677 7337 2800 5995 2225 953 6554 6854 4668 4180 7739 7302 7967 4989 6340 1196 1120 4204 0 3419 4278 1913 5556 3264 6286 3841 8580 5631 7711 1465 2137 7260 7563 824 6247 4289 8352 6126 6096 7986 5470 6857 2093 7069 942 1514 8049 2238 1813 4818 6251 7135 3712 8881 8349 2396 2383 3377 2958 7068 5657 8544 6937 5098 7416 4556 4156 7398 5416 9110 2425 6315 1153 4849 7146 599 7379 2866 5783 4353 810 6824 3470 4784 9020 8867 8759 6179 5693 3097 5321 1530
8347 7889 8208 7352 2958 1609 3093 4684 4770 3018 2408 3590 2688 4757 3044 1743 2816 6832 5298 6355 4288 3614 5526 7530 4166 5546 5559 10432 4526 8130 8980 877 2925 2199 4462 3713 3886 3019 2380 8447 8078 6229 6442 7066 4303 3202 1354 3484 0 2084 3253 8102 6117 6058 4394 9127 2681 6056 4860 1761 9166 9364 3610 8385 2060 9979 3538 7356 8870 1967 5413 1359 8057 2788 2499 7416 4610 4157 7816 5309 7626 940 10834 6922 3652 2417 1120 6524 5252 2400 9376 7909 4381 5598 2279 7122 7687 6227 9907 5865 6398 3704 1411 5514 3762 7030 4055 2741 6413 3508 8364 4890 2954 7080 10333 7927 2506 7520 3273 6088 4799
9880 10329 9681 9630 4126 591 4254 5665 6921 3669 4055 2434 4665 5619 2155 2931 5227 7919 7254 8377 6323 5734 7202 8156 4049 6318 7420 12523 5287 10153 11112 1944 4244 4249 5407 5513 5082 4900 4491 10364 9862 8068 8345 9563 5385 3341 3301 4417 2077 0 2943 9875 7342 7851 6778 11277 3893 7366 5952 3257 10732 11320 4208 9657 3953 12011 5383 9113 10692 2399 7324 2485 9974 3522 4037 9278 5966 5610 9262 7644 9223 1235 12063 9452 5489 2105 1210 7097 7075 2274 11378 10294 6696 7864 4490 8360 9719 7913 12313 6423 8619 4856 1812 7191 4837 9216 5825 2590 7884 4670 10717 6561 4986 9150 11860 10068 3283 8996 5095 7942 5904
9862 10013 8927 8406 2636 2783 6153 2852 5902 1387 2905 5705 4473 3487 5251 4810 5091 4937 8410 9066 4969 6011 5338 5115 1263 3478 5728 10329 2501 11240 9829 2426 6135 3411 2765 6686 7145 5609 5055 9181 9266 8507 6785 7707 3049 826 4317 2051 3205 2968 0 7532 5352 7840 5749 10778 5991 8916 3148 2753 9859 9761 1516 8351 5064 10453 6639 7516 9987 4756 7997 1998 9346 1317 2807 9749 4122 3789 6622 7840 8889 3170 10608 9345 4228 962 2302 4283 8199 4709 10057 8620 6171 8176 5276 6269 9110 6976 10449 4050 8229 2980 3946 8439 2526 8964 4314 5016 6554 2658 9139 5259 5853 9738 10297 10178 5568 7900 4357 7657 3112
5011 6165 2808 4267 5238 8681 9396 4808 3876 6152 5437 11565 5600 4074 10609 9268 6153 4381 9455 7846 4191 6386 2260 4609 7137 5298 2144 4119 5052 10134 4087 7419 9196 5849 4697 9100 9693 7019 7237 5214 3080 9397 1733 3139 4405 6667 7913 5747 7651 9828 7098 0 2286 5769 4179 4928 9415 9278 4407 6037 3290 2860 6003 1013 7582 3470 8367 2525 4548 9849 7890 7116 3943 6315 5457 7175 3263 3970 711 6413 4202 9050 4114 7811 3948 7692 8614 3973 7946 10430 4068 3767 5398 7597 7391 2134 4787 3655 3659 3944 5155 4460 8957 8507 4841 6026 4021 10560 2130 4824 2286 3304 6794 9542 3861 7636 10399 1736 5150 3682 4218
5816 6738 4418 4831 3280 7209 8488 2627 3305 3756 3479 9683 4243 1688 9147 7525 4874 2763 8254 7645 3061 5623 530 2831 4818 3154 1263 5980 2590 9385 5324 5628 8434 3880 2448 7668 8487 5484 5401 6127 4313 8928 2060 3798 2046 4274 5840 3276 6235 7259 5067 2291 0 5918 3184 6273 7848 8355 2140 4472 4918 4801 3871 3149 6009 5465 7385 3498 5677 7779 7134 4952 4835 4196 3540 7472 1330 2051 1793 6157 5179 6764 6242 8044 2465 5788 6143 2022 7218 8338 5987 4816 4661 7708 6129 1405 5397 3744 5808 2049 5555 2573 7648 8025 2701 6073 2774 8855 1973 2933 4059 2238 5651 9292 5521 7891 8288 3004 3576 3995 2126
2601 2251 4177 2679 5604 7280 5624 7542 2625 6883 4932 9354 3361 6097 7958 6089 3045 8656 3718 1806 3098 2335 5489 8312 8578 7921 4748 5615 6839 3810 3804 6309 5345 4753 6258 4204 4958 2899 3346 2812 3932 3413 4339 3241 6186 7052 4836 6654 5642 8296 7901 6008 5635 0 2976 4031 5653 3414 6719 5299 4392 5820 7387 5713 4043 5788 3600 3699 3974 6900 2128 5825 3251 6404 5257 1676 5119 4933 6282 919 2255 7031 6466 1850 4461 7915 6846 7723 1956 7199 4828 3608 1532 1995 3884 7096 2292 2284 6214 7260 852 5234 6989 2445 6028 1395 3611 7215 4184 5799 5133 3626 2967 3356 5600 2204 6112 4163 3391 2252 6653
4054 4204 3518 3357 2962 6108 5497 4297 520 4438 2701 8492 1965 3179 7447 5401 1977 5603 5455 4422 334 2417 2697 6053 5487 5196 2023 5370 3854 6840 4347 4489 5745 2474 3819 4775 5888 2759 3115 4012 3890 5318 2317 2667 3248 4789 3614 3958 4509 6279 5274 4073 3112 2786 0 4805 5351 5513 3776 3095 4309 4976 4736 4162 3726 5354 4492 2725 4523 6057 4246 3967 3645 4122 2953 4591 2550 2117 4184 3187 3071 5473 6402 4680 1495 5723 5229 4839 4014 6427 5202 3859 1704 4358 3489 4533 3594 1559 5958 4450 2660 2734 5823 4709 3417 3666 970 7042 2021 2896 4288 823 2892 5786 5453 5353 6023 2887 1281 1890 3892
1685 2515 1940 1843 7575 10337 9380 8812 4643 9423 7396 12433 6440 7409 12335 9728 6610 8690 7792 5498 5259 6382 5731 9050 9913 9191 5159 1559 8647 7104 865 9773 9527 7712 8047 8561 9593 6897 7315 1621 1746 7489 3910 2335 7368 9941 8753 8675 9209 11444 10096 4695 6171 4223 4839 0 9773 7450 7859 8504 1613 2579 9549 3747 8247 2220 8143 2683 331 10741 6241 8798 1243 9429 7842 3697 6398 6601 5714 5376 2102 10464 2239 4807 6148 10536 10647 8679 5845 10862 1051 1432 4952 6281 7655 6881 2072 3334 2367 7945 3465 7442 10773 6747 7707 3027 6042 11313 4233 7912 2473 4956 7006 6295 1948 4772 10240 3119 6073 3146 7716
8004 7601 8810 7808 5095 3511 393 7078 6021 5779 4518 3749 3714 7120 2959 917 3463 9171 3344 5245 5131 3238 7228 9544 7039 8520 7339 10582 6872 6163 8733 3553 353 3911 6820 1817 1503 2881 2483 8567 8727 4284 7526 8101 6299 5891 1901 5743 2485 3908 5896 9017 8272 5684 5725 9660 0 4236 6881 3853 9459 10503 6308 9192 1799 11114 1962 7728 9624 1574 4306 4005 8837 4972 4537 6732 6342 6163 9147 4691 7714 2819 11108 6244 5592 4843 3328 8396 4302 2086 10553 8786 4715 4197 1863 8968 7554 6306 10769 7975 6423 5511 2096 3995 6096 6635 5233 2002 7654 5477 9933 6121 2718 5690 10993 6989 843 8259 4274 6942 7190
5843 4740 6999 5744 7099 7151 3798 8873 5148 8299 6276 7707 4781 8446 6866 4840 4090 10420 633 1930 5501 3033 7873 10917 9878 9747 7074 8278 8764 2283 6869 6279 3597 5573 8044 2424 2902 3505 3684 5615 7694 224 7134 6543 7962 8018 4335 8128 5962 7410 8927 9021 8836 3113 5138 7455 4144 0 8698 5839 7490 8794 8408 8602 3987 8909 2273 6705 7146 5301 1131 6905 6606 7399 6277 3718 7373 6975 9199 2481 5437 6459 9354 2495 6293 8035 6983 10359 1278 6224 8084 6673 3697 1163 3352 10357 5136 5241 9254 9373 4171 7064 5875 816 7987 4135 5615 5974 7042 7232 8135 6218 3249 1601 9345 3214 4851 7341 5103 5680 8615
7467 8134 6265 6708 1960 5373 7510 671 4144 1956 2448 8161 4014 538 7388 6459 4673 2256 8597 8071 3474 5661 2321 2543 2422 1387 2967 7751 614 10681 7082 4274 7153 3022 459 7685 8031 5343 4974 7401 6148 8553 3852 5661 613 2336 5224 1458 4625 5705 3055 4417 2056 6385 3785 7831 6767 9016 0 3211 6456 7108 1762 5132 5475 7579 7123 5170 7888 6939 7564 3544 7060 2434 2501 7889 1410 1772 3659 6731 6664 5175 8144 8693 2507 3772 4873 1481 7388 7051 7667 6804 5103 7494 5701 2813 6965 4884 8100 1002 6367 1493 6000 7966 1125 7278 2807 7091 3842 1412 6152 3153 5370 9902 7611 8633 7238 4715 3534 5448 211
6843 7343 6801 6331 1306 2709 4305 3392 3652 1911 823 5168 1754 3249 4846 3179 2173 5705 5998 6485 2807 3039 4143 5482 3387 4283 4086 8348 3007 7640 7195 1482 4205 702 2737 4461 4643 2662 2392 7157 6624 6477 4845 6047 2747 2389 1893 2046 1629 3254 2836 6242 4476 5064 2992 7815 3736 6239 3245 0 7406 7798 2701 6650 2415 8750 4092 5613 7853 3730 5523 950 6917 1777 782 6587 2982 2339 5880 4748 6115 2373 9012 6838 2094 2554 2286 4577 5337 3907 8303 6725 3466 5291 2800 5503 6782 4604 8979 4267 5396 1969 3102 5453 2180 6228 2319 4402 4421 1790 7175 3189 2908 6963 8472 6984 4043 5664 1932 5023 3304
2415 3421 748 2080 7044 9945 9417 7543 4023 8004 6665 12745 6163 6330 11758 9162 6396 7145 8225 5913 4648 6273 4599 7405 8989 7543 4022 1237 7054 7764 1150 9042 9690 6980 6797 8260 9556 6784 7121 2439 541 8124 2649 1663 6549 8698 8219 7457 9077 11269 9682 3169 4798 4561 4231 1682 9858 7546 6797 7341 0 1090 7916 2105 7818 1386 7768 1838 1417 9868 7013 8585 1245 7936 7172 4842 5624 5664 3887 5697 2405 10022 1811 5915 5159 9259 9926 7134 6368 11294 1040 1027 4739 6838 7642 5349 2510 2908 1567 6631 3739 6176 10064 7066 6884 3811 5065 11409 2960 6809 880 4344 6547 7503 1369 5918 10341 1864 5591 2776 6774
3486 4483 1688 3023 7558 11143 10979 7874 4729 8628 7275 13003 7088 6392 13181 10427 7016 7067 9648 6935 5414 7503 4548 7176 9416 7892 4291 1312 7148 9076 2314 9739 10687 7553 7481 9948 9900 7665 7740 3494 1550 9354 2974 2554 6908 9377 9022 8245 10045 11580 10088 2949 5008 5766 5074 2480 10207 9267 6897 8281 1159 0 8836 1872 8774 598 9168 2486 2379 11257 7771 8660 2374 8624 7684 5566 5573 5900 3797 6433 3467 10579 1281 6824 5745 10464 10300 6697 7833 11950 1492 2058 5801 8115 8750 4997 3744 3877 942 7150 4758 6939 10593 8437 6989 4748 5540 12262 3638 6932 911 5029 7540 8966 953 6872 11438 2260 6274 3631 7246
8443 8781 7434 7408 1850 3816 6665 1307 5284 687 2292 6515 4251 2183 6315 5205 4749 3343 8462 8973 4274 5537 3864 3734 1029 2064 4391 9157 1136 10304 8552 2825 6450 2970 1331 7125 7359 5334 4779 8476 7847 8763 5274 7079 1801 729 4748 768 3743 4220 1427 6142 3867 7334 4610 9262 6281 9050 1764 2731 8133 8593 0 6860 4816 8883 6576 6635 9249 5575 7768 2272 8096 1091 2128 8501 2793 2610 5619 7396 7527 3986 10014 9253 3140 2115 3443 2992 7689 6010 9048 7889 5605 8301 5332 4822 8009 6257 9561 2590 7374 1900 4861 7862 1322 8287 3454 6426 4959 1567 7939 4376 5698 10085 9430 9373 6429 6334 4071 6196 1790
4536 5007 1966 3450 6117 9701 9385 5806 3700 6786 6312 11617 6071 4549 11862 9497 6072 5395 9291 7284 4222 6649 3118 5299 7604 6262 2719 3150 5794 9358 3092 8392 9527 6031 5635 8940 9418 7073 6929 4520 2098 8676 1759 2413 5196 7110 7603 6417 8432 9907 8495 1103 2996 5536 4308 3814 9374 9239 5020 6723 2163 1903 6639 0 8155 2554 8373 2120 3387 10468 7993 7367 3130 6745 6235 6243 4292 4640 1849 6494 3903 9440 3200 7169 4482 8694 8654 5081 7761 10536 3021 2787 5108 7782 7802 3203 4175 3467 2841 4949 4903 5217 9681 8374 5421 5195 4369 10358 2124 5821 1299 3745 7046 8530 2707 6960 9752 1269 5168 3247 5042
6269 6132 7299 6221 3635 3475 2084 5965 4215 4289 3033 4673 1707 5241 4065 1849 1629 7836 3593 4518 3574 1670 5958 7866 6054 6918 5276 8962 5488 6133 6954 2797 1878 2445 5098 1895 2445 1205 685 6914 7006 3920 6092 5887 5167 4769 637 4543 2058 3924 5069 7716 6394 4057 3564 7726 1778 3890 5489 2421 7701 8484 5256 8137 0 8831 1694 5992 7978 2517 3455 2880 6767 4229 3040 5363 4863 4346 7875 3351 5960 2788 9995 5127 3624 4259 3220 7034 3352 3073 8619 7031 3050 3549 379 7454 5874 4849 9594 6602 4473 4101 2655 3462 4528 5693 3524 3209 5658 4003 7503 4117 1229 5085 9159 5960 2572 6690 2651 5145 5889
3556 4565 2082 3348 7834 11105 11092 8057 5003 8881 8010 13719 7831 7321 13293 10774 7783 8107 9177 7537 6118 7817 5202 7900 10280 8222 5009 843 8326 8681 2279 9980 10993 7937 7601 10229 10999 7738 8632 3539 1805 8977 3506 3136 7116 9289 9678 8102 9773 12495 10351 3388 5634 6139 5543 2423 10722 9306 7487 8347 1366 576 8849 2461 9002 0 8934 2964 2195 11316 7817 9270 2480 9199 8290 6019 6388 6832 4096 6652 3624 10934 739 7324 6198 11138 11013 7486 7861 12660 1304 2207 6447 7652 9101 5407 4052 4365 321 7703 4983 7451 11766 8327 7631 5141 6552 12266 3908 8007 1414 5288 8244 8857 455 6767 11518 2854 6793 4018 7563
6125 5978 7028 6293 5094 4961 1995 7004 4812 6332 4569 5726 3057 6985 5032 2743 2555 9539 1791 3312 4534 1973 6617 9844 7163 8549 6219 8855 6748 4424 7437 4540 1774 3961 6643 499 1396 1799 1914 6311 7139 2424 6737 6154 6218 6176 2346 5838 3472 5648 6697 8178 7459 3773 4308 7971 2072 2129 7151 4250 7733 9202 6424 8366 1665 9051 0 6242 7468 3437 2239 4502 6886 5847 4547 4767 6276 5299 8781 2748 5969 4479 9450 4024 5116 5980 4734 8394 2105 3852 8395 6804 3050 2390 1366 8995 5795 4967 9349 8115 4578 5800 3628 2079 5795 5074 4641 4111 6391 5771 7928 5271 1613 3685 9278 4687 2947 7515 3668 5455 7525
2569 3365 1017 1639 5292 8234 7701 5789 2191 6418 5008 11302 4619 4518 10169 7573 4653 6193 7242 5144 2884 4650 3096 6597 7743 6225 2415 2937 5749 6913 1837 7081 7823 5105 5512 6890 7961 4949 5554 2555 1254 6674 1321 500 5049 7147 6499 5753 7108 9306 7388 2705 3522 3540 2721 2906 7730 6929 5300 5462 1685 2627 6577 2093 6360 2877 6838 0 2570 8432 5395 6638 1630 6209 5263 4181 3829 4131 3068 4219 1713 8220 3430 5372 3666 7541 7753 5802 5549 9431 2705 1376 3292 5534 6004 4299 2268 1458 3275 5596 2799 4868 8122 5917 5434 3250 3360 9168 1471 4989 1590 2447 5091 6401 3003 5270 8401 842 3868 1182 5489
1457 2286 1661 1528 7353 10594 9751 8606 4322 8816 7342 13105 6548 7303 11658 9518 6328 9062 7358 5173 5073 6048 5745 8645 10049 9193 4795 1585 8367 6842 547 8897 9017 7241 7838 7790 9038 6401 6821 1491 1362 6824 3894 2138 7536 9427 8443 8452 8869 11429 9825 4291 5828 3986 4609 321 9671 7043 7854 7743 1347 2313 8833 3612 7586 2130 7829 2478 0 10355 5924 8988 965 8617 7796 3737 6198 6239 5360 4824 1904 10358 2296 4788 5684 10603 9720 7709 6056 10483 935 1038 4800 5814 7394 6329 1779 2966 2208 7558 3197 7100 9752 6171 7342 2914 5507 11254 3805 7564 2297 5073 6533 6367 1828 4430 10178 2891 5878 2880 8089
9201 8988 9819 8514 4777 2273 1826 6644 6709 4853 4484 2271 3955 6547 1582 832 4072 9086 4923 6863 5754 4500 7528 9028 5776 7652 7739 11661 6392 8152 9437 2566 1879 3952 6263 3305 2881 3793 3262 8867 9893 5893 8239 8257 6111 5189 2209 5646 2069 2279 4786 9547 8000 6726 5848 10817 1486 5496 6708 3605 9938 10750 5599 9683 2507 11539 3571 8346 10771 0 5449 3204 9785 4696 4283 8333 6531 5817 9387 5689 8460 1710 11999 7141 5916 4046 2412 8357 5413 577 10726 9394 5645 5988 2952 8985 8455 7502 11809 7511 7053 5346 757 5364 5616 8287 5874 676 7642 5136 10376 6508 3950 7195 11987 8288 797 9053 4937 7701 7027
4595 3858 6010 4793 6139 7230 4003 8153 4355 7230 5539 7579 3644 7175 7174 5084 3129 10210 1461 1233 4627 2337 7203 10358 9159 9001 6094 7663 7891 2591 5711 6307 3921 5152 7219 2600 3246 2629 3008 4716 6104 1276 6471 5118 6924 7859 3925 7074 5573 7215 8468 8168 7176 2130 4418 6245 4084 1226 8100 5602 6827 7521 7551 7595 3412 8188 2146 5683 5891 5490 0 6168 5327 7154 5924 2748 6330 6017 8329 1312 4604 6454 8049 1824 5348 7547 6821 8705 143 6306 6702 5736 2529 128 3013 8903 4244 4410 8004 8720 3000 6425 5636 365 7024 3252 5048 6195 6137 6660 6827 5061 2468 1764 7537 2678 4931 6221 4193 4507 8066
7660 8296 7675 7236 1684 1975 4218 3368 4473 1736 1382 4959 2663 3624 4197 3079 3062 5533 6147 7043 3879 3720 4612 6026 2808 4215 4978 9851 2892 8897 8272 735 4097 1571 2938 4684 4939 3340 2864 8042 7937 6986 5722 6690 2895 1736 2390 2093 1428 2536 2009 7246 5010 6159 3967 9469 3959 6697 3575 910 8308 8869 2394 7327 2842 9627 4805 6472 8531 3222 6303 0 8144 1359 1367 7973 3611 2885 6409 5371 7245 1855 10382 7405 2851 1598 1431 5051 5720 3788 8937 8002 4328 6179 3192 6331 7249 5798 10004 4434 6455 2472 2569 6301 2407 6973 3204 3856 5481 2067 8238 3977 3595 7929 9400 8195 4004 6444 2857 5817 3438
1266 2181 1142 755 6415 9894 8211 7628 3353 7723 6438 11935 5362 6412 11228 8624 5446 8125 6657 4692 4024 5393 4585 8345 9433 7939 4071 2023 7412 6346 406 8034 8422 6180 7097 7368 8264 5814 6032 1285 945 6685 2924 1137 6399 8544 7078 7540 8051 10033 9457 4079 4895 3245 3861 1286 8848 6851 6689 6772 1322 2526 8174 3057 6631 2446 6680 1548 913 9816 5701 8167 0 7683 6859 3513 5287 5547 4422 4356 1039 9281 3028 4396 5223 8944 8956 7168 5475 10164 1630 387 3770 5218 6818 5714 1312 2110 2586 7157 2592 6426 9469 5831 6517 2385 4648 10300 3048 6351 2032 4027 5638 6230 2443 4364 9082 2132 4736 1969 6726
7901 8543 7714 7590 1377 2883 5774 2273 4902 409 1468 6021 3204 2649 5366 4496 3721 4504 7389 8221 3920 4674 4153 4586 1782 3183 4405 9029 1874 9698 8347 1873 5688 2122 1869 5869 6324 4245 4022 8160 7378 7824 5433 6519 2170 639 3561 961 2584 3507 1286 6490 4247 6586 4324 9156 5328 7461 2344 1665 8435 8323 1001 6994 3987 9167 5852 6747 8975 4625 6804 1266 7797 0 1460 8179 2989 2427 6051 6232 7462 2891 9683 8510 2987 1589 2327 3790 7056 4746 9396 8143 5065 7180 4199 5338 7528 5674 9701 3235 6508 1812 3839 7433 1408 7935 3236 5040 5054 1444 7505 4091 4494 9314 9322 8707 5040 6433 3430 5792 2456
6688 7080 6483 5954 468 3556 5141 2611 3298 1551 59 6119 1875 2244 5637 4109 2520 4593 5992 6649 2527 3410 3243 4732 3019 3785 3607 8258 2241 8603 6646 2067 5043 796 2085 5132 5589 3023 2949 6926 6241 6765 4642 5537 2011 2068 2667 1390 2448 3820 2630 5682 3698 5074 2694 7917 4730 6452 2441 784 7017 7642 2158 6141 3237 8005 4659 5207 7618 4585 5883 1399 6467 1455 0 6790 2250 1590 5203 4735 5996 3164 8888 6638 1595 2816 2743 3883 5634 4667 8061 6488 3661 5595 3382 4778 6293 4514 8608 3362 5068 1092 3957 5784 1362 6474 1826 5200 3932 1012 6933 2567 3261 7760 8185 7778 4818 5089 1791 4623 2754
2261 1272 4219 2756 6903 9388 6801 8715 3977 8477 7110 10232 5030 7775 9429 7513 4698 9938 4325 1651 4770 4103 6872 10442 9659 9662 5879 5330 8245 3277 3431 8027 6551 5974 7932 4985 5964 4457 4888 2252 4401 3693 5414 3583 7487 9129 6411 8400 7742 9204 9253 7135 7001 1639 4214 3678 6693 3781 7893 6687 4615 6077 8648 6072 5526 6004 4750 4296 3574 8186 2751 7797 3358 8581 6792 0 7053 6213 7322 2245 2601 8198 6116 1171 5800 8936 8403 9367 2746 8569 4610 3713 3133 2780 5137 8398 2053 3408 6065 8618 1772 7071 8308 2909 7739 1069 5165 8756 5207 7033 5221 5205 4569 2859 5788 1031 7445 5257 5126 3230 8140
6070 6243 4969 5032 1888 5788 7058 2120 2731 2758 2278 8401 3311 933 7404 6428 3667 3153 7474 6933 2133 4358 1128 3532 3812 2843 1499 6715 1861 8744 5542 4128 6834 2638 1461 6388 7458 4668 4563 5872 4846 8011 2578 4117 1046 3280 4709 2199 4735 5943 4150 3532 1304 5589 2465 6373 6609 7276 1445 2938 5272 5595 2744 4241 4959 6363 6188 3962 6117 6587 6833 3566 5157 2949 2259 6916 0 710 3138 5527 5063 5216 7353 7129 1297 4322 5147 2476 6614 7252 6441 4961 4064 6673 5027 2782 5476 3708 6720 2014 5026 1198 6116 7065 1492 5720 1657 7387 2427 1584 4886 1734 4455 8369 6805 7454 6943 3478 2500 3798 1564
6197 6146 5148 5039 1247 5081 6358 2216 2603 2439 1521 7848 2487 1285 7025 5195 2925 3757 6732 6770 1840 3716 1822 3912 3750 3291 1954 6620 1890 8469 6009 3535 6358 1959 1523 5740 6718 3630 3777 5863 5008 6887 3085 4349 1177 2893 4031 1840 4202 5404 3800 3785 2045 4888 2211 6578 5886 7334 1782 2237 5485 6006 2552 4649 4315 6834 5776 4050 6655 6136 5961 3097 5368 2488 1574 6783 728 0 3760 5088 5263 4834 7292 7020 709 4233 4548 2926 6042 6464 6815 5439 3603 6224 4408 3571 5768 3418 7270 2591 4700 738 5315 6602 1230 5705 1149 6585 2527 1082 5404 1576 4111 7681 6648 7221 6507 3963 1841 3860 1913
5786 6293 3724 4776 4863 8788 9895 4217 4007 5796 5275 11492 5938 3558 10631 8624 5855 3806 9624 8123 4212 6816 1868 3845 6092 4598 2195 4630 4524 10206 4691 7535 9561 5292 4184 9108 9423 7054 7219 5581 3899 9406 1960 3697 3882 6267 7478 4938 7631 9512 7230 740 1726 6687 3948 5641 9611 9764 3641 5910 3846 3628 5320 1749 7294 4153 8470 3276 5154 9981 8387 6684 4471 5844 5189 7337 3012 3680 0 7099 4719 8373 4941 8392 4078 7418 8332 3206 8256 9657 4646 4338 5704 8068 7831 1287 5284 3930 4627 3442 5718 4075 9374 8814 4430 6295 3911 10549 2282 4549 2964 3282 7290 9754 4392 8391 9702 2373 4982 4151 3779
3503 2972 5055 3486 5016 6454 4759 7456 2986 6750 4814 7949 3061 6050 7167 4860 2525 9065 2619 1545 3347 1797 5940 9317 8040 7933 5126 6706 6903 3612 4567 5844 4603 4318 6484 3123 4061 2373 2773 3577 4890 2454 5062 3842 6249 6822 3989 6097 5460 7609 7829 6633 6400 983 3087 5294 4455 2417 6646 4661 5309 6579 6853 6374 3346 6838 2815 4178 4799 5818 1253 5543 4130 6448 4910 2371 5654 4911 7192 0 3115 6079 7468 1887 4360 7426 6548 7833 1210 6561 5761 4629 1401 1251 2924 7557 3202 3021 7106 7456 1753 5221 6197 1707 5765 2267 3833 6219 4442 5723 5940 3786 2266 2699 6381 2494 5712 5276 3219 2974 6630
986 1566 1924 332 6058 8943 7673 7072 2722 7246 5731 10510 4721 5783 9667 7528 4453 7592 5682 3761 3513 4377 4818 7809 8638 8202 3661 3149 6780 5718 1415 7556 7358 5226 6783 6035 6915 4765 5489 1001 1864 5745 2932 1261 5825 7529 6440 6917 7293 9462 8329 4322 4834 2401 2958 2142 7393 5308 6648 6261 2224 3462 7381 3853 5658 3772 5916 1767 1801 8511 4513 7356 1108 7308 5670 2495 5030 4805 4963 3273 0 7979 4086 3587 4656 8248 8154 7063 4487 9495 2685 1336 2867 4338 5767 6181 598 1532 3657 7027 1485 5586 8722 4613 6182 1472 4050 9343 2990 6294 2906 3615 4936 5380 3422 3588 8415 2676 4374 1357 6945
9203 8785 9417 8383 3615 654 3252 5229 5842 3469 3227 2835 3530 5068 2402 1891 3831 7284 5945 7124 5138 4218 6204 7464 4072 6143 6624 10740 4649 8604 9173 1144 3279 2972 4795 4176 4426 3754 3389 9042 9338 6927 7316 8502 5044 3290 2197 3980 914 1234 3148 8891 6995 6517 5605 10513 2804 6415 5138 2419 9726 10749 4048 8867 2902 11456 4308 8315 10041 1777 6332 1794 9350 2947 3248 8342 5602 4777 8079 6287 8495 0 12119 7856 4431 2072 668 6915 5952 1843 10306 9241 5181 6433 3192 7867 8738 7188 11524 6330 7209 4255 968 6522 4121 8182 4630 2199 7014 3890 9444 5368 3995 8273 11169 8621 2575 8127 4116 7130 5650
3759 4776 2702 3716 8198 11662 11350 8973 5732 10123 8315 13950 7953 7542 13336 11932 8144 8933 9788 7924 6450 8041 5831 8552 11018 8817 5565 870 8414 9222 2669 10218 11396 8157 8547 10479 11284 8416 9269 3775 2293 9054 4412 3640 8387 9826 9850 8823 10484 12428 11585 3995 6111 5987 5994 2397 11783 9616 7882 8996 1914 1357 10110 3289 10053 732 9750 3651 2367 12659 8713 10165 2910 9531 8860 5860 7321 7295 4950 7457 4089 12004 0 7360 6874 11294 11548 7854 8547 12792 1418 2661 6900 8460 9175 6309 4218 4999 389 8265 5227 8117 11976 8284 8822 5039 6830 12282 4673 8292 2106 6283 8693 9134 541 6919 11536 3436 7686 4598 8033
3490 2439 5221 3720 6976 8399 5896 8665 4461 8047 6920 9768 4806 7996 9140 6500 4602 9961 3175 604 4953 3781 7012 10557 9714 9477 6682 6578 8183 2146 4831 7790 5702 6279 8580 4352 5199 4215 4649 3298 5456 2562 6213 4801 7805 8589 5917 7862 7322 8970 9147 7583 7797 1741 4871 5062 5758 2618 8301 6725 5665 7209 8766 6860 5293 7262 4111 5192 4871 7139 1790 7469 4444 8008 6821 1189 7463 6733 7990 1839 3406 7720 7281 0 6085 9357 7894 9363 1832 7815 5747 4762 3274 1663 4627 9281 3195 4005 6921 9381 2504 7275 7670 2049 7941 1972 5545 7887 5788 7679 6295 5637 3789 1655 6939 788 7072 5710 4831 3850 8658
5647 5906 4516 4546 1550 4853 5626 2867 1909 2741 1559 7605 1979 2007 6932 5040 2282 4409 6457 5776 1102 3114 1965 4722 4319 3868 1995 6612 2451 7584 5657 3439 5416 1507 2247 5179 6188 3024 3048 5233 4787 6542 2903 3717 1786 3359 3641 2461 3641 5584 4302 4250 2481 4300 1525 6510 5287 6145 2347 2238 5148 6240 3141 4378 3816 6316 5053 3474 5909 5459 5547 2993 5247 2815 1548 5821 1353 694 3833 4112 4362 4638 6865 5966 0 4261 4197 3743 5233 5904 6491 4822 2816 5163 3766 3731 4992 2954 6706 3099 3906 1198 5190 5440 1903 5095 499 6216 2358 1543 4892 1066 3322 7188 6679 6415 6117 3799 1218 3346 2727
9584 9823 9167 8904 2764 1705 5412 3681 5976 1786 2831 4563 4213 3958 4213 3830 4712 5647 8008 8589 5196 5505 5499 5643 2107 4233 6059 10454 3406 10389 9383 1609 5294 3112 3428 6120 6235 4773 4512 9164 8958 7969 6748 8004 3848 1432 3777 2396 2304 1938 988 8163 5587 7334 5616 10089 4934 8136 3756 2465 9266 10242 2280 8725 4129 10795 6028 8088 10518 3811 7327 1647 9501 1582 2654 9735 4587 3873 7750 7501 8804 2130 11414 9210 4369 0 1461 5300 7816 3741 10768 9428 6321 7480 4831 6489 9107 7066 10971 4662 7833 3246 2967 7883 2881 9208 4404 4366 6769 2930 9450 5196 5290 9350 10910 10019 4607 7985 4221 7590 3907
8932 8987 8575 8324 3037 589 3851 4769 5752 2704 2772 3401 3635 4969 2924 2530 3975 6688 6417 7498 5248 4642 6144 7303 3615 5502 6550 10558 4316 9184 9346 813 3914 3021 4481 5004 4669 3890 3725 9261 9411 6843 7027 8016 4216 2673 2470 3244 1181 1118 2323 8396 6338 6694 5254 10461 3438 7061 4945 2224 9405 10101 3483 8952 3161 11123 4849 7751 9934 2401 6792 1377 8720 2376 2803 8653 4826 4427 8223 6139 8280 656 11412 8466 4458 1464 0 6410 6766 2480 10571 8746 5745 6661 3659 7312 8454 6752 11518 5588 6972 3989 1698 6593 3533 8599 4615 2872 6897 3628 9861 5585 4037 7961 10923 8817 3154 7883 4053 7465 4719
7938 8700 6515 7471 3474 6583 9104 1576 4966 3345 3936 9672 5714 1792 9006 8172 6035 887 10281 9743 4437 6957 2520 1044 3357 1272 3459 7995 2017 11758 7791 5450 8672 4841 1989 8986 9692 7089 6351 7778 6667 9796 4361 5852 2115 3733 6535 2870 6080 6971 4289 3953 2180 7530 5001 8197 8366 10005 1593 4906 6541 7118 2899 4873 7197 7224 8715 5358 7830 8572 8744 4786 7138 3710 4010 9385 2328 3040 3269 8121 7109 6441 8270 9991 3515 5264 5970 0 8734 8833 7982 6634 6472 8721 7217 2049 7864 5774 7412 539 7339 2925 7681 8953 2718 7981 4067 8576 4077 2901 6074 4017 7163 10474 8018 9678 8869 4896 4885 5829 1321
4367 4035 5780 4852 5926 6614 4170 8031 4146 7350 5631 7877 3473 7241 7227 4944 3020 9865 1645 1292 4217 2309 6502 9824 8666 8965 6029 7642 7407 2645 5598 6197 3950 4868 7551 2569 3402 2544 3172 4529 5981 1407 6220 5382 6830 7271 3989 7248 5497 7398 8281 7474 7151 1980 4167 6076 4061 1316 7860 5217 6896 7973 7742 7895 3343 8251 2233 5655 5822 5715 148 6161 5406 6805 5384 2691 6216 5870 8455 1138 4110 6429 8301 1893 4981 7418 6572 8706 0 5842 7120 5498 2474 220 2930 8935 3978 4158 8197 8432 2958 6196 5789 525 6540 3035 4972 6082 5732 6263 6706 4988 2317 1964 7561 2586 4972 6126 3996 4193 8072
9910 9860 9806 9167 5408 2179 2272 6755 7154 5009 4908 1727 4590 7099 968 1331 4622 9412 5446 7100 6152 4978 7937 8974 6143 7872 8076 11729 6785 8151 10563 2908 2388 4416 6707 3879 3393 4523 3764 9509 10392 6303 8798 9451 6541 5288 2856 5740 2396 2117 4721 10190 8756 7415 6781 10800 2015 6117 6953 3845 11189 11806 5609 10981 3261 11960 3992 9392 10824 589 6397 3666 10321 4893 4882 8421 7339 6529 9540 6173 9093 1858 12737 8148 6091 3837 2400 8674 6270 0 12104 9650 6118 6039 3386 9413 9495 8086 12778 8177 7918 5891 957 5956 6197 8687 6173 352 8208 5438 10668 7143 4485 7601 11652 8786 1203 9794 5512 8563 7515
2474 3271 1598 2276 7741 11255 9900 8167 4647 8749 7767 13778 7094 7498 12476 10451 6662 8214 8479 6298 5236 7085 5418 8490 9866 8441 4669 573 8584 7691 1256 9635 10119 7229 7565 8999 10191 7020 7551 2416 1423 8058 3612 2366 7438 9322 9084 8362 9582 12086 10129 4210 5623 4905 4972 980 9892 8094 7541 8331 964 1557 9534 3036 8746 1286 8504 2718 970 11447 7149 9087 1635 9216 7721 4826 6673 6794 4955 6038 2659 10806 1396 5755 6199 10751 10221 7758 7053 12084 0 1523 5359 6809 8085 6380 2745 3796 1266 7543 4118 7134 11220 7390 7899 3777 6185 11710 3904 7671 1673 5116 7246 7434 954 5614 10658 2905 6346 3362 8172
1664 2637 702 982 6660 9580 8414 7430 3084 7475 6191 11874 5328 6006 11139 8610 5509 7457 7004 5398 4082 5525 4368 8002 8497 7895 3835 1872 6913 6945 540 8104 8915 6373 6870 7698 8698 5623 6177 1701 588 6630 2660 1042 6256 7922 7063 7391 8137 10155 9008 3608 4830 3546 3856 1329 9052 7076 6301 7119 964 2024 7723 2609 7253 2290 7076 1432 1112 9958 5847 8036 376 8051 6722 3825 5199 5387 4379 4551 1270 8783 2646 4762 4844 9113 8888 7027 5376 10275 1532 0 4110 5833 6731 5524 1687 2245 2420 6571 2822 6067 8909 6092 6650 2762 4552 10275 2828 6557 1675 3662 5965 6293 2185 4544 9811 1793 5090 1973 6440
3780 3532 4288 3236 3763 5751 4502 5685 1677 5341 3523 7524 1959 4785 6973 4913 1532 7018 3620 3123 1928 1273 4085 7745 6678 6639 3812 5735 5373 5202 4421 4599 4743 2916 4868 3450 4430 1786 2289 3844 4235 3994 3815 3331 4580 5779 3403 5076 4674 6784 6434 5274 4859 1601 1651 5269 4775 3693 5297 3672 4921 5990 5987 5296 2938 6423 3017 3471 4780 5384 2562 4599 4126 5372 3555 3313 4127 3546 5649 1484 2838 5528 6854 3271 2783 6323 5498 6351 2364 6005 5310 4240 0 2694 2820 6245 3148 2124 6652 6113 1779 3910 5528 3004 4768 2686 2413 5987 3457 4162 5144 2440 1813 4077 6090 3853 5180 3962 1817 2314 5301
4413 3721 6161 4591 6007 6729 4160 8176 4213 7188 5953 7592 3953 7116 7123 5192 3443 9469 1526 1089 4365 2331 6881 10204 8773 9544 6471 7791 7582 2561 5765 5962 4253 4959 7402 2689 3344 2666 3365 4578 6200 1252 6061 5299 7443 7863 4170 7374 5718 7200 8534 7805 7090 2121 4458 5868 4404 1194 7603 5633 6421 7793 8329 7403 3634 7836 2386 5347 5796 6017 117 6287 5505 7052 5720 2709 6581 5853 8428 1244 4239 6349 8071 1657 5218 7506 6903 9033 207 6251 7007 5598 2709 0 3341 8699 4216 4328 8269 8440 2825 6262 5749 418 7159 3156 4839 6013 5797 6769 6748 5086 2609 1721 7835 2402 5132 6232 4352 4319 8044
6066 6220 6711 6314 3810 3874 2053 5803 4041 4791 3200 5352 1774 5592 4353 1980 1624 8317 3216 4340 3416 1518 5639 8088 6106 7118 5265 8598 5559 5584 7023 2997 1832 2509 5236 1691 2261 997 673 6294 7265 3811 5892 6015 5047 5054 976 4570 2284 4440 5365 7460 6115 3691 3685 8093 1897 3466 5595 2617 7834 8984 5199 7706 354 9366 1342 5889 7910 2919 3037 3092 6662 4426 3318 5245 5187 4428 7799 3153 5681 3037 9744 4619 3699 4567 3527 7501 3143 3303 8066 7076 2717 3348 0 7593 5871 4705 8881 6555 4552 4191 2819 3318 4534 5236 3701 3547 5603 4191 8105 4228 998 4980 8615 5430 2619 6475 2809 4779 5747
6677 7857 4891 6123 4667 8097 9286 3297 4408 4947 4678 11223 5795 2605 10109 9277 6023 2471 9793 9217 4300 6984 1877 2370 5100 3198 2511 6025 3452 10839 5936 6830 9804 5112 3389 9438 9746 6838 6979 7086 4886 10009 2873 4631 3097 5313 7580 4318 7110 8697 6188 2041 1507 6947 4498 6758 9192 9930 2940 5893 5268 4833 4552 3100 7236 5357 8836 4224 6277 9261 8669 6198 5778 5078 4940 8377 2605 3499 1289 7778 5980 7768 6227 8739 4003 7101 7411 1994 8828 9548 5949 5392 6384 8495 7800 0 6401 4958 5702 2225 6383 3786 8918 9217 3996 7487 4027 9776 2947 3864 4357 3837 7390 10058 6177 8934 9380 3436 5280 5026 2956
497 942 2303 735 6543 9151 7787 7358 3067 7863 6029 11497 5059 6624 10379 7698 4602 8163 5480 3502 3868 4594 5060 8434 8883 8770 4279 3239 7689 5090 1564 7616 7514 5745 7333 6151 7319 5124 5347 538 2170 5400 3559 1824 6613 8584 6753 7468 7533 9557 9403 4834 5481 2215 3500 1981 7484 5364 7072 6793 2677 3622 8330 4267 6165 3962 5881 2337 1874 8648 4360 7548 1300 7764 6617 2057 5682 5703 5344 3067 573 8471 3931 3135 5139 9219 8222 8068 3984 8942 2796 1625 3257 4139 6014 6338 0 1975 3968 7508 1560 6192 8979 4553 6810 1144 4448 9471 3724 6256 3203 3987 4936 4861 3545 3183 8637 3143 4608 1767 7016
2431 2924 2171 1736 4555 7265 6422 5877 1098 5729 4245 9842 3354 4353 9179 6835 3125 6569 5790 4138 1873 3207 3297 6594 6973 6612 2432 3891 5175 6230 2456 6150 6397 3954 5176 5507 6424 3673 4103 2616 2320 5484 2110 1287 4570 6571 5186 5167 5912 8159 7067 3795 3943 2388 1655 3316 6372 5225 5191 4571 2850 3795 6416 3502 5047 4285 5342 1397 3203 7470 4326 5807 2119 5853 4526 3381 3662 3498 4206 2993 1472 6974 4771 4067 3069 7326 6791 5750 4313 7802 3777 2095 2047 4389 4556 4966 1962 0 4293 5731 1607 4179 7381 4584 4702 2467 2469 8238 1950 4424 2955 2000 3845 5538 4382 4261 7446 2200 2785 237 4999
3783 4532 2276 3309 8361 11769 10986 8104 5142 9106 8379 14557 8151 7280 13741 11259 7753 8245 9485 7634 6252 7582 5608 8075 10419 8474 5009 775 8419 9303 2525 10755 10914 8250 8278 10301 10463 7947 8568 3792 2083 9344 3796 3355 8006 9917 9758 8736 9924 12864 11184 3961 5632 5972 5866 2407 11034 9282 8175 8780 1533 867 9315 2724 9282 304 9860 3376 2320 12348 8085 10075 2788 9309 7990 5855 6591 6771 4418 6899 3846 11728 402 7293 7091 11400 11419 7406 7772 12058 1326 2493 6204 8000 8821 5912 3929 4309 0 7962 5256 7737 11517 8154 7943 5283 6680 12927 4310 8005 1665 5654 8084 8763 374 6861 11696 3126 7353 4111 8106
8063 8497 5918 7062 2925 5895 8040 1152 4887 2850 3530 8827 4933 1244 8965 7348 5324 1416 9012 9366 4111 6282 2319 1560 2998 1123 3032 7759 1471 10940 7566 5020 8366 4106 1373 8357 8694 6017 6417 7538 6743 9960 3940 6029 1590 3303 5897 2288 5592 6586 4068 3979 1927 7044 4425 8083 8241 9602 968 4322 6938 6655 2454 5035 6270 7434 7872 5369 7939 7516 8538 4553 7323 3128 3310 8591 1934 2413 3489 7430 6878 6058 8148 9207 3203 4583 5833 542 8443 8221 7874 6637 6132 8973 6499 2201 7367 5655 7561 0 6786 2438 6904 8821 2108 7687 3650 8441 3875 2421 6223 3857 6276 9760 7995 10030 8414 5216 4565 5670 827
1893 1756 3184 1762 5465 7596 6008 6813 2197 6894 4922 9561 3635 5672 8400 6438 3348 8262 4613 2596 2809 2839 4710 8054 8379 7715 3976 4855 6540 4752 2963 6386 6240 4648 6214 4645 5866 3392 3796 2095 3248 4028 3605 2310 5601 7549 4926 6622 6348 8600 7848 5164 5345 904 2542 3469 6274 3944 6230 5477 3631 4777 6886 4596 4576 5269 4434 2600 3351 7076 3079 6074 2465 6358 5033 1946 4942 4785 5531 1748 1523 7278 5290 2480 4055 7750 7511 7592 2835 7744 4182 2834 1706 2879 4449 6515 1500 1605 5341 6785 0 5039 7299 3219 5962 1084 3689 7866 3342 5324 4185 3320 3444 3990 4740 2631 7175 3482 3385 1513 6213
6676 7153 5781 5758 724 4603 6182 1874 3078 1711 1184 7325 2583 1248 6853 4983 3130 3684 7314 7086 2344 4213 2228 4031 2993 2821 2710 7667 1337 8994 6539 3220 5781 1667 1127 5785 6375 3890 3661 6753 5922 7611 3825 5009 864 2131 3834 1193 3611 5181 3036 4392 2532 5349 2727 7528 5468 7527 1403 1957 6295 6878 2024 5045 4085 7492 5827 4569 7291 5578 6417 2509 6165 1823 1150 6822 1144 741 4280 5374 5439 4119 7732 7277 1272 3283 3746 3034 5993 5705 7044 5900 4122 6426 4189 3659 6472 4262 7508 2355 5353 0 4733 6606 603 6387 1762 5983 3499 377 5915 2287 4163 8473 7839 7835 5817 4443 2237 4459 1633
8843 9228 9270 8249 4136 1540 2514 5893 6343 4456 3990 2351 3890 6314 1717 1057 3843 8378 5427 6767 5709 4180 6946 8322 5075 6748 7205 11545 5757 8115 9480 2028 2366 3475 5809 3607 3561 3725 3050 9352 9258 6356 8286 8048 5408 4048 2149 4642 1370 1722 4100 9082 7707 6827 5791 10148 2057 6034 6203 2995 9862 10667 4711 9913 2493 11221 3751 8038 10191 792 6029 2743 9583 4042 3950 8466 6053 5261 9331 5773 8196 996 12463 7824 5056 3040 1587 7575 5534 951 10580 9209 5489 5811 2740 9035 8405 6933 11108 6901 7029 4819 0 6170 5166 8013 4960 1299 7632 4891 9607 6169 3657 7383 11538 8620 1542 8728 4719 7593 6532
4768 4363 6583 5294 6539 6851 4156 8817 4534 7675 6007 8060 3932 7696 6976 4746 3658 10532 1206 1374 4994 2567 7449 10539 9030 9327 6841 8119 8089 2435 5988 6415 4086 5210 7567 2440 3173 3015 3411 4827 6261 908 6398 5793 7636 7686 4274 7359 5807 7763 7977 8089 7698 2465 4760 6573 4163 828 8262 5386 7216 8093 8389 8391 3684 8264 2203 5980 6541 5848 349 6278 5888 7039 5894 2949 7065 6196 8298 1595 4842 6154 8850 2021 5750 7755 6572 9189 502 6171 7367 6029 2830 422 3139 9184 4731 4770 8130 9102 3408 6503 5657 0 7275 3536 5400 5831 6248 6746 7251 5304 2747 1626 8418 2617 4875 6882 4610 4612 8205
7226 7354 6445 6624 889 4221 6467 1305 3602 1236 1404 7362 3063 1118 6384 5237 3698 3514 7349 7801 2987 4526 2698 3783 2295 2304 3042 8332 862 9383 7229 2917 6117 2093 704 6513 6843 4467 4312 7030 6603 7827 4309 5801 732 1682 3897 596 3484 4694 2530 4792 2821 5837 3385 7947 5958 7845 1147 2186 7088 7427 1389 5743 4487 7949 5802 5384 7729 5613 6973 2322 6658 1420 1307 7916 1596 1272 4464 5975 6207 4171 8372 7417 1900 3046 3717 2760 6625 6027 7978 6602 4501 6788 4455 3952 7034 4945 7939 2035 5742 594 4965 7473 0 7135 2231 6317 3849 343 6560 2877 4493 8884 7754 8579 6127 5214 2707 5192 1311
1431 798 3439 1732 6362 8554 6856 7598 3071 7974 6401 10607 4572 6946 9208 7425 4325 8875 4889 2522 3878 3802 5648 9087 9049 8806 4907 4588 7746 4298 2678 7204 7029 5624 7435 5357 5979 4474 4949 1465 3333 4068 4191 2808 7128 8483 5940 7161 6825 9310 8549 5772 6144 1430 3504 2973 7170 4426 7593 6043 3610 4920 8405 5362 5426 5190 5039 3344 2919 8100 3219 6921 2472 7447 6016 1006 5774 5612 6546 2224 1532 8416 5397 2025 5019 8582 8091 8007 3055 8911 3684 2752 2796 3089 5457 7599 1111 2291 5132 7730 1083 6332 8256 3572 7148 0 4741 8427 4006 6826 4451 4311 4131 3609 4854 2065 7586 4038 4402 2187 7224
4827 5018 4440 4243 1924 5266 5723 3397 1532 3335 1900 7646 1687 2441 6663 5165 2057 4726 5932 5525 648 2734 2258 5102 4414 4376 2034 6435 3044 7450 5211 3697 5648 1729 2673 5115 5724 2813 2979 5276 4435 6127 2895 3528 2439 3876 3354 2915 3865 5481 4639 4273 2677 3681 1050 5899 5375 5923 2814 2321 5163 5841 3720 4678 3586 6459 4676 3488 5836 5518 4906 3203 4740 3281 1865 5216 1763 1219 4142 3753 4127 4848 6642 5590 469 4412 4737 3921 4889 6055 6041 4506 2429 4796 3464 4185 4669 2500 6752 3653 3599 1702 5068 5101 2344 4607 0 6138 2345 2040 5018 831 2906 6500 6658 5828 5980 3430 885 2707 3130
9998 9328 10606 9155 5757 2654 2125 7405 7378 5381 5115 1726 4609 7327 991 1374 4975 9736 5231 7527 6733 4953 8103 10127 6376 7977 8341 11930 7240 8179 10224 3100 2289 4857 7218 3748 3246 4594 4139 9639 10374 6051 9368 9279 6888 5436 3049 5999 2593 2530 5167 10658 8768 6970 6873 11595 1986 5739 7608 4286 11178 11604 5895 10911 3326 12016 3933 9153 10627 693 5924 3943 10402 5135 4846 8564 7024 6694 10493 6352 9512 2161 12679 8142 6265 4311 2802 8494 5989 349 11844 10437 6354 6545 3425 9819 9154 8293 13064 8375 8167 6391 1339 6167 6155 8336 6256 0 9013 5813 10904 6840 4242 7557 12654 8291 1114 9689 5515 8171 7400
3895 4642 2401 2878 3854 7338 7427 4421 1712 4807 4080 9955 3797 3109 9601 7521 3896 4711 7430 6140 2036 4659 1652 4879 6103 4930 856 4144 4000 7950 3263 5834 7877 4072 3827 6631 7547 4944 5084 3923 2690 7146 431 1852 3368 5503 5761 4307 6444 7948 6443 1977 2002 4314 2081 4435 7536 7024 3872 4539 3098 3522 5200 2157 5643 4182 6427 1473 3979 7846 5858 5682 3097 5398 4151 5104 2320 2612 2209 4801 3119 6752 4512 5769 2427 6984 6948 4132 5581 8497 4001 2723 3272 5816 5396 3127 3456 1890 4222 3947 3494 3253 7358 6428 3907 4228 2315 8261 0 3749 2576 1554 5037 7460 4217 5957 7976 1293 3083 1864 3782
7168 7096 6063 6292 555 4265 6141 1760 3610 1325 1067 6970 2668 1364 6477 4809 3166 3917 7211 7074 2682 4402 2621 4047 2546 2763 3066 8072 1183 9486 6991 2745 5808 1748 1053 5754 6605 4185 3881 7160 6604 7299 3971 5138 947 1881 3833 803 3260 4493 2737 4886 2930 5582 2952 7853 5558 7592 1504 1802 7044 7460 1523 5738 4252 7620 5701 5178 7532 5347 6654 2034 6542 1426 1033 7236 1503 1091 4395 5766 5945 3993 8445 7325 1546 2953 3643 3070 6180 5607 7688 6618 4383 6430 4513 4233 6347 4622 8120 2320 5754 409 4513 6857 346 6926 2000 6128 3702 0 6231 2602 4344 8256 8334 7686 5940 5270 2477 4907 1665
3106 3938 991 2506 6437 9988 10042 6855 3861 7279 6373 12061 6111 5845 11159 9948 6329 6620 8192 6728 4439 6257 4005 6470 8685 7203 3336 1837 6799 8458 2010 8232 9214 6696 6353 8361 9375 6870 6974 3351 1005 8116 2177 1835 6198 8225 8107 6733 8330 10373 9172 2257 4256 5088 4156 2370 9224 8286 6069 7377 857 943 7475 1290 7465 1422 8331 1708 2156 10101 7319 8018 1998 7812 6643 5332 4993 5072 3079 5877 2817 9480 2063 6146 4986 9423 9125 5869 7275 10740 1827 1543 4938 7367 7882 4575 3271 3122 1701 5967 4259 6103 10303 7123 6219 4487 4680 10514 2610 6215 0 3855 7087 8258 1712 6059 10190 1305 5595 2765 6244
4242 4804 3535 3539 2576 5708 6150 3603 955 4009 2526 8315 2384 2740 7903 5807 2659 5155 6261 5544 721 3139 1840 4954 5284 4425 1326 5496 3270 7338 4183 4493 6355 2468 3178 5454 6133 3306 3387 4401 3743 6261 1900 2858 2757 4510 4067 3490 4654 6313 5284 3506 2385 3689 775 5382 5746 6000 3277 3202 4243 5159 4222 3647 4217 5228 4899 2556 4946 6712 5270 4049 3790 3827 2788 5119 1783 1625 3549 3802 3589 5728 6128 5687 1094 5254 5540 3938 4790 6756 5079 3737 2422 5124 4400 3687 3921 1888 5971 3524 3221 2333 5825 5411 2686 4127 845 6848 1430 2707 4082 0 3458 6901 5602 5636 6636 2606 1545 2229 3168
5264 5175 5755 4877 3685 4406 2852 6061 3159 4875 3340 5875 1475 5410 5340 3021 1027 8089 3029 3652 2843 531 5183 8335 6294 6817 5005 8121 5338 4938 6416 3635 2738 2675 5040 1963 2756 224 664 5399 6321 3385 5513 4834 4904 5311 1829 4828 3029 5307 5794 7097 5509 2903 2971 6625 2842 3042 5538 2870 6667 7536 5619 7208 1175 8073 1567 4925 6292 3909 2580 3679 5837 4784 3221 4281 4615 4197 6729 2154 4625 3829 8700 3891 3282 5240 4041 6764 2354 4486 7235 6094 1888 2495 1024 7483 4701 3830 8170 6183 3357 4303 3798 2803 4770 4192 3083 4649 5073 4184 6977 3572 0 4448 8077 4695 3399 5985 2198 3864 5967
5227 4152 7181 5335 7570 8545 5440 9856 5654 9335 7602 9063 5545 8977 8685 6354 4930 11121 2225 1366 5887 4314 8305 11590 10676 11115 7507 7730 9844 772 6240 7661 5336 6506 9245 3736 4364 4478 5143 5228 7284 1336 7279 6492 8859 9923 6046 8564 7484 9142 10219 9489 8965 3240 5800 6319 5571 1483 9679 7146 7234 8780 9835 8621 5233 8623 3538 6563 6645 7365 1846 7599 6272 8983 7358 2915 8305 8029 9723 2905 5007 7954 8697 1603 7058 9084 8571 10856 1928 7376 7380 6255 4118 1767 5004 10361 4864 5362 8521 10324 4000 7862 7275 1647 8615 3804 6593 7793 7592 8140 8297 6690 4378 0 8312 1976 6746 7365 5777 5735 9456
3456 4152 2003 3178 8415 11839 10747 8503 5285 9342 7986 13883 7499 7645 13527 10821 7441 8502 9322 6992 6115 7178 5685 7922 10330 9087 4977 410 8607 8958 2058 9795 10772 8082 7814 9777 10721 7689 8093 3454 1842 8679 3976 2965 7663 9633 9407 8329 10093 12102 10792 3731 5992 5707 5517 1893 10618 9133 7965 8985 1333 982 9161 2758 9507 458 9171 3002 1957 11965 8106 9892 2471 9491 8052 5405 6733 6672 4757 6882 3299 11129 542 6913 6652 10932 10484 7768 7968 11804 905 2134 6244 8050 9281 5774 3773 4327 373 7596 4971 7312 11768 8277 8076 4822 6378 12457 4166 8126 1617 5461 8392 8730 0 6371 11477 2886 7078 3974 8184
3038 2272 5440 3860 7773 8987 6482 9654 4730 9149 7597 9981 5640 8801 9886 7202 5199 11095 3776 1298 5236 4306 7348 11297 10888 10148 6717 6366 8823 2139 4430 8136 6498 6725 8513 5263 5628 4838 5338 3130 5323 2961 6614 4966 8262 9542 6231 8593 7590 9581 10576 7806 8345 2413 5083 4466 6795 3043 8909 6993 5474 7124 9283 7062 5774 7027 4559 5120 4710 8522 2591 8360 4325 8658 7490 1065 7628 7441 8496 2548 3609 8853 6692 767 6836 9832 8672 9824 2527 8481 5487 4585 3703 2403 5513 9048 3006 4335 6651 9409 2798 7972 8485 2592 8287 2148 6307 9010 6200 7759 6100 6015 4763 2010 6318 0 8006 6340 5818 4082 9473
8935 8236 9211 8837 5192 3137 1129 7047 6444 5768 4664 2867 4325 7344 2027 808 4069 9785 4259 6364 5784 4235 7712 9250 6605 8596 7429 11009 6924 6820 9546 3265 1093 4241 6985 2690 2157 3488 3020 8711 9252 4910 8093 8288 6652 5814 2439 6202 2547 3239 5766 9638 7994 6362 5901 10063 892 4874 7582 3911 10073 11503 6413 10524 2496 11924 3029 8678 10211 812 4965 3948 8953 5018 4627 7901 7292 6169 9891 5287 8467 2445 12418 6794 5936 4474 2995 8390 5057 1232 10831 9004 5365 4999 2627 9801 8556 7520 11529 8341 7141 5961 1577 5198 5807 7699 5952 1025 8246 5929 10730 6575 3674 6582 11927 7823 0 8707 4828 7850 7678
3404 4153 1265 2468 4998 8812 8228 5582 2730 6047 5532 11524 4819 4409 10668 8643 5042 5696 7476 6164 3143 5337 2601 5720 7411 6264 2163 3090 5437 8283 2487 7076 8726 5094 5162 7806 8910 5448 6177 3222 1453 7766 962 1340 4627 7058 6895 5751 7176 8837 7333 1754 2883 4552 3014 3236 8624 7739 5115 6154 1867 2143 6439 1290 6861 2824 7002 865 3001 9441 6302 6749 2134 6336 5332 5083 3484 3836 2464 5030 2458 7987 3542 6113 3812 7986 7746 4863 5960 9321 2887 1801 4058 6639 6452 3521 3296 2214 3123 4918 3607 4765 8620 6822 5015 3941 3705 10207 1312 5144 1289 2787 5759 7257 2901 6057 9009 0 4328 2048 5095
5060 5357 4911 4405 2045 4845 4530 3852 1745 3524 1756 7268 811 3289 5977 4167 1090 5545 5150 4901 983 1992 3212 5626 4676 4925 2883 6812 3697 6458 5583 3444 4654 1251 3171 4014 5076 2005 1981 5364 5151 5289 3409 4050 3048 3865 2725 3162 3176 5294 4689 5145 3599 3258 1205 6326 4594 5144 3426 1891 5681 6321 3974 5143 2541 7034 3747 3837 5712 4714 4180 2945 5038 3454 1767 4942 2525 1944 4856 3332 4077 4360 7329 4832 1167 4471 4265 4946 4048 5511 6239 4791 1825 4305 2675 5271 4447 2797 7077 4460 3420 2205 4329 4391 2676 4532 857 5612 2959 2331 5667 1542 2194 5902 6646 5707 4787 4158 0 2898 3582
2224 2594 2061 1465 4601 7730 6769 6083 1311 6067 4456 10197 3749 4551 9056 7113 3481 6916 5670 4143 2237 3696 3480 6814 7549 6356 2525 3880 5670 5944 2436 6199 7043 4433 5222 5630 6634 3927 4226 2283 2240 5800 2018 1086 4808 6599 5565 5341 5990 8106 7353 3715 3831 2387 1909 3046 6804 5809 5371 5118 2755 3727 6163 3267 5276 4212 5528 1260 2749 7307 4219 5708 2005 5896 4707 3394 3979 3686 4151 3239 1286 7146 4717 4138 3106 7609 7446 5941 4171 8295 3451 1852 2282 4449 4726 4834 1877 223 4406 5438 1646 4413 7373 4926 4856 2272 2726 8577 1871 4936 2947 2179 4163 5582 4164 4215 7625 2072 3033 0 5272
7793 8407 5917 6798 2084 5255 7566 552 4329 2180 2682 8479 4270 720 7451 6879 4961 2108 9033 8384 3800 5831 2415 2261 2483 1225 3110 8230 677 10241 6928 4387 7559 3337 583 7699 7869 5587 5657 7449 6755 9239 3941 5483 774 2455 5342 1627 4712 5793 3273 4446 2188 6805 3998 8380 7533 8524 207 3263 6871 7313 1814 5216 5458 7966 7173 5507 7665 6654 7890 3436 6913 2567 2678 8502 1649 1857 3585 7202 6656 5171 8256 8856 2524 4097 4901 1353 7450 7310 7542 6789 5688 7634 6157 2994 7445 5309 8286 808 6341 1567 6132 8263 1373 7696 3230 7637 3743 1597 6090 3291 5984 9450 7776 8763 7685 4886 3677 5147 0
