10 8 3
22 9 17 23 16 18 6 25
181 121 123
0 1249 1531 2097 673 3142 2176 1012 342 6877 6406 567 789 1680 1389 6561 2302 6370 1595 5750 1838 6536 6101 543 6310 1529 1156 1588 583 5995 2318 2109 1487 6430 739 93 1871
1249 0 1045 1283 1210 2229 1054 268 917 6078 5703 683 1364 458 580 5864 1422 5734 843 5060 659 5846 5196 1161 5677 817 1600 339 1813 5257 1070 1039 1633 5636 1381 1290 836
1531 1045 0 620 991 1640 1024 932 1361 7014 6681 1199 1030 1018 478 6842 837 6733 308 6047 961 6827 6081 1066 6677 278 997 1143 1889 6225 1616 896 783 6577 1088 1505 721
2097 1283 620 0 1605 1045 640 1296 1877 6858 6585 1678 1650 1014 767 6747 217 6672 511 5971 838 6736 5877 1671 6618 572 1592 1206 2497 6119 1377 509 1305 6432 1708 2083 520
673 1210 991 1605 0 2630 1855 944 715 7208 6786 744 169 1521 1044 6944 1821 6782 1156 6133 1608 6923 6365 134 6723 1088 519 1512 901 6356 2208 1756 815 6762 171 609 1527
3142 2229 1640 1045 2630 0 1239 2299 2916 7083 6912 2709 2656 1847 1789 7071 844 7052 1551 6341 1627 7068 6039 2706 7003 1615 2533 2050 3529 6438 1855 1206 2176 6681 2717 3127 1393
2176 1054 1024 640 1855 1239 0 1198 1885 6223 5962 1653 1950 625 816 6124 606 6058 739 5355 403 6114 5238 1878 6006 798 2002 822 2673 5494 748 137 1804 5799 1996 2189 329
1012 268 932 1296 944 2299 1198 0 696 6313 5923 460 1100 668 532 6083 1464 5943 803 5277 833 6064 5444 893 5886 759 1352 595 1563 5482 1322 1155 1423 5869 1115 1045 927
342 917 1361 1877 715 2916 1885 696 0 6597 6145 236 872 1358 1133 6301 2072 6123 1367 5489 1529 6278 5800 588 6064 1305 1234 1255 924 5726 1982 1829 1494 6151 844 404 1595
6877 6078 7014 6858 7208 7083 6223 6313 6597 0 732 6480 7376 5997 6553 693 6816 1083 6721 1254 6084 742 1090 7117 1117 6737 7663 5882 7394 931 5482 6350 7705 447 7373 6965 6388
6406 5703 6681 6585 6786 6912 5962 5923 6145 732 0 6047 6955 5671 6210 162 6565 385 6399 657 5781 157 1301 6687 404 6408 7261 5538 6901 474 5214 6082 7336 549 6947 6497 6094
567 683 1199 1678 744 2709 1653 460 236 6480 6047 0 912 1122 921 6205 1866 6039 1168 5393 1294 6183 5659 640 5980 1110 1248 1022 1139 5620 1751 1602 1448 6034 900 615 1369
789 1364 1030 1650 169 2656 1950 1100 872 7376 6955 912 0 1654 1151 7113 1867 6950 1231 6302 1727 7091 6530 284 6892 1165 370 1657 911 6524 2341 1844 714 6930 65 713 1621
1680 458 1018 1014 1521 1847 625 668 1358 5997 5671 1122 1654 0 573 5833 1098 5733 728 5042 222 5819 5066 1503 5678 740 1816 203 2226 5213 687 642 1747 5560 1685 1712 499
1389 580 478 767 1044 1789 816 532 1133 6553 6210 921 1151 573 0 6371 946 6258 273 5574 585 6356 5633 1062 6202 238 1262 672 1862 5756 1230 729 1174 6114 1192 1393 493
6561 5864 6842 6747 6944 7071 6124 6083 6301 693 162 6205 7113 5833 6371 0 6726 391 6560 812 5942 49 1404 6844 431 6570 7420 5700 7053 634 5376 6243 7497 617 7104 6651 6255
2302 1422 837 217 1821 844 606 1464 2072 6816 6565 1866 1867 1098 946 6726 0 6664 708 5959 898 6717 5820 1885 6611 773 1804 1299 2711 6096 1352 500 1505 6394 1925 2291 603
6370 5734 6733 6672 6782 7052 6058 5943 6123 1083 385 6039 6950 5733 6258 391 6664 0 6458 711 5855 342 1655 6677 61 6464 7267 5590 6846 713 5312 6174 7364 933 6939 6461 6171
1595 843 308 511 1156 1551 739 803 1367 6721 6399 1168 1231 728 273 6560 708 6458 0 5769 654 6546 5780 1202 6403 68 1263 874 2024 5941 1308 621 1087 6286 1282 1586 422
5750 5060 6047 5971 6133 6341 5355 5277 5489 1254 657 5393 6302 5042 5574 812 5959 711 5769 0 5159 789 1264 6033 664 5776 6611 4904 6244 343 4608 5472 6693 866 6293 5840 5474
1838 659 961 838 1608 1627 403 833 1529 6084 5781 1294 1727 222 585 5942 898 5855 654 5159 0 5930 5132 1607 5801 686 1847 423 2365 5319 657 424 1728 5651 1764 1862 320
6536 5846 6827 6736 6923 7068 6114 6064 6278 742 157 6183 7091 5819 6356 49 6717 342 6546 789 5930 0 1432 6822 382 6555 7400 5685 7026 631 5366 6233 7479 652 7083 6627 6244
6101 5196 6081 5877 6365 6039 5238 5444 5800 1090 1301 5659 6530 5066 5633 1404 5820 1655 5780 1264 5132 1432 0 6284 1649 5802 6794 4970 6646 999 4507 5368 6800 804 6534 6184 5426
543 1161 1066 1671 134 2706 1878 893 588 7117 6687 640 284 1503 1062 6844 1885 6677 1202 6033 1607 6822 6284 0 6618 1134 648 1476 826 6259 2186 1786 947 6670 262 484 1553
6310 5677 6677 6618 6723 7003 6006 5886 6064 1117 404 5980 6892 5678 6202 431 6611 61 6403 664 5801 382 1649 6618 0 6408 7209 5534 6786 690 5260 6121 7306 945 6880 6402 6117
1529 817 278 572 1088 1615 798 759 1305 6737 6408 1110 1165 740 238 6570 773 6464 68 5776 686 6555 5802 1134 6408 0 1205 875 1956 5951 1343 683 1044 6301 1216 1520 475
1156 1600 997 1592 519 2533 2002 1352 1234 7663 7261 1248 370 1816 1262 7420 1804 7267 1263 6611 1847 7400 6794 648 7209 1205 0 1857 1192 6824 2491 1881 410 7219 417 1078 1681
1588 339 1143 1206 1512 2050 822 595 1255 5882 5538 1022 1657 203 672 5700 1299 5590 874 4904 423 5685 4970 1476 5534 875 1857 0 2151 5084 731 845 1831 5443 1681 1630 697
583 1813 1889 2497 901 3529 2673 1563 924 7394 6901 1139 911 2226 1862 7053 2711 6846 2024 6244 2365 7026 6646 826 6786 1956 1192 2151 0 6501 2882 2591 1594 6948 846 525 2355
5995 5257 6225 6119 6356 6438 5494 5482 5726 931 474 5620 6524 5213 5756 634 6096 713 5941 343 5319 631 999 6259 690 5951 6824 5084 6501 0 4746 5615 6890 525 6518 6085 5630
2318 1070 1616 1377 2208 1855 748 1322 1982 5482 5214 1751 2341 687 1230 5376 1352 5312 1308 4608 657 5366 4507 2186 5260 1343 2491 731 2882 4746 0 870 2385 5055 2372 2360 922
2109 1039 896 509 1756 1206 137 1155 1829 6350 6082 1602 1844 642 729 6243 500 6174 621 5472 424 6233 5368 1786 6121 683 1881 845 2591 5615 870 0 1673 5924 1892 2117 238
1487 1633 783 1305 815 2176 1804 1423 1494 7705 7336 1448 714 1747 1174 7497 1505 7364 1087 6693 1728 7479 6800 947 7306 1044 410 1831 1594 6890 2385 1673 0 7264 775 1419 1504
6430 5636 6577 6432 6762 6681 5799 5869 6151 447 549 6034 6930 5560 6114 617 6394 933 6286 866 5651 652 804 6670 945 6301 7219 5443 6948 525 5055 5924 7264 0 6927 6518 5957
739 1381 1088 1708 171 2717 1996 1115 844 7373 6947 900 65 1685 1192 7104 1925 6939 1282 6293 1764 7083 6534 262 6880 1216 417 1681 846 6518 2372 1892 775 6927 0 661 1668
93 1290 1505 2083 609 3127 2189 1045 404 6965 6497 615 713 1712 1393 6651 2291 6461 1586 5840 1862 6627 6184 484 6402 1520 1078 1630 525 6085 2360 2117 1419 6518 661 0 1879
1871 836 721 520 1527 1393 329 927 1595 6388 6094 1369 1621 499 493 6255 603 6171 422 5474 320 6244 5426 1553 6117 475 1681 697 2355 5630 922 238 1504 5957 1668 1879 0
