12 12 4
100 88 69 100 80 99 59 56 60 85 99 85
87 101 96 96
0 7289 1516 5713 4324 1506 1473 785 5783 7598 6463 6936 7693 8682 6394 3662 4095 3348 6983 9285 6090 3268 1784 3303 4646 6605 7590 6829 6969 5828 2440 864 10854 9033 5380 6123 5828 3686 4871 9090 4171 4224 3423 1740 6617 6343 719 6759 3378
7289 0 6857 5826 3017 6898 6037 7903 1574 6057 5478 395 6973 2699 6633 4001 6362 6672 7223 2026 1203 4622 6166 4094 4918 5113 5241 5112 7321 3275 5722 7674 3566 2647 2224 2601 2133 3896 5022 1801 5755 6994 7466 6676 5229 1682 7108 5669 5857
1516 6857 0 6586 3851 2810 2225 1476 5286 6191 5079 6475 6220 8665 7372 3875 2598 4530 8013 8758 5709 2336 2755 3350 5344 5267 6269 5497 5463 4802 1253 2380 10387 8941 5279 5222 5086 3837 5595 8629 2741 5427 1965 2957 7309 5635 2120 5362 1960
5713 5826 6586 0 4957 4302 4394 6485 5358 10231 9202 5745 10835 5155 931 3293 8181 2610 1627 7509 5068 5991 3945 3859 1382 9055 9713 9191 10614 7225 6357 5361 8504 5680 3903 6929 6220 3431 1129 7110 7823 2109 8368 4022 1222 6346 5049 9503 7291
4324 3017 3851 4957 0 4190 3216 4901 1466 5274 4260 2644 5904 4965 5889 1813 3879 4563 6582 4975 1858 1746 3488 1495 3620 4098 4782 4235 5797 2322 2774 4804 6573 5175 1717 2212 1660 1658 3847 4808 3346 5186 4707 4026 5033 2094 4237 4556 3158
1506 6898 2810 4302 4190 0 1033 2227 5538 8393 7243 6591 8637 7856 4928 2939 5188 1846 5497 8924 5709 3742 732 2818 3381 7304 8235 7512 8036 6149 3302 1073 10399 8263 4774 6286 5835 3022 3575 8668 5116 2717 4775 294 5294 6284 790 7554 4355
1473 6037 2225 4394 3216 1033 0 2247 4611 7396 6247 5709 7680 7247 5155 2224 4329 2356 5789 8058 4836 2722 565 1951 3229 6292 7214 6498 7131 5117 2400 1639 9579 7615 4006 5267 4841 2267 3467 7828 4191 3246 4125 979 5210 5307 1079 6560 3460
785 7903 1476 6485 4901 2227 2247 0 6367 7661 6553 7540 7654 9406 7148 4401 4022 4070 7724 9875 6713 3642 2567 4005 5431 6742 7743 6972 6847 6184 2657 1327 11468 9743 6073 6546 6321 4414 5655 9702 4212 4927 3108 2484 7401 6853 1445 6834 3434
5783 1574 5286 5358 1466 5538 4611 6367 0 5280 4477 1189 6088 3862 6256 2797 4901 5608 6915 3509 586 3053 4814 2729 4190 4186 4591 4250 6240 2211 4149 6229 5111 3969 1463 1692 978 2662 4361 3348 4307 6085 5934 5344 5089 989 5661 4723 4330
7598 6057 6191 10231 5274 8393 7396 7661 5280 0 1150 5774 995 8756 11162 7014 3707 9467 11856 6719 5814 4694 7903 6535 8886 1179 898 1048 1855 3093 5176 8422 8144 8661 6622 3606 4302 6862 9118 6927 3450 10231 5010 8375 10231 4495 7988 842 4236
6463 5478 5079 9202 4260 7243 6247 6553 4477 1150 0 5151 1648 8155 10133 5949 2679 8339 10829 6461 5043 3553 6758 5448 7841 439 1299 606 1853 2273 4034 7281 7999 8124 5724 2896 3521 5800 8080 6601 2346 9116 4048 7226 9275 3824 6842 315 3119
6936 395 6475 5745 2644 6591 5709 7540 1189 5774 5151 0 6672 3005 6579 3723 5971 6444 7189 2353 883 4231 5859 3777 4764 4797 4977 4808 6985 2923 5333 7342 3929 2995 2006 2259 1753 3609 4886 2164 5365 6807 7072 6376 5225 1332 6775 5352 5462
7693 6973 6220 10835 5904 8637 7680 7654 6088 995 1648 6672 0 9670 11765 7567 3632 9862 12462 7706 6643 5063 8213 7049 9469 1902 1893 1865 1087 3877 5347 8543 9140 9596 7366 4454 5119 7420 9711 7906 3538 10665 4777 8652 10923 5367 8156 1371 4325
8682 2699 8665 5155 4965 7856 7247 9406 3862 8756 8155 3005 9670 0 5680 5025 8739 6978 6084 3042 3283 6712 7167 5406 4886 7801 7933 7808 9985 5913 7711 8825 3484 534 3386 5261 4696 4997 4848 2603 8155 6955 9670 7580 4113 4333 8301 8356 8099
6394 6633 7372 931 5889 4928 5155 7148 6256 11162 10133 6579 11765 5680 0 4215 9070 3122 698 8225 5940 6899 4666 4773 2302 9986 10640 10122 11535 8152 7220 5953 9113 6214 4795 7846 7133 4356 2055 7812 8727 2406 9200 4665 1568 7241 5703 10434 8175
3662 4001 3875 3293 1813 2939 2224 4401 2797 7014 5949 3723 7567 5025 4215 0 4960 2822 4913 6019 2843 2722 2213 598 1913 5836 6574 5990 7321 4134 3272 3830 7465 5392 1836 3998 3373 156 2164 5744 4558 3383 5362 2696 3645 3693 3289 6256 4091
4095 6362 2598 8181 3879 5188 4329 4022 4901 3707 2679 5971 3632 8739 9070 4960 0 6655 9756 7921 5465 2263 4891 4365 6812 2973 3962 3203 2876 3374 1935 4956 9567 8870 5595 4011 4248 4848 7072 7923 613 7524 1408 5255 8599 4768 4617 2920 899
3348 6672 4530 2610 4563 1846 2356 4070 5608 9467 8339 6444 9862 6978 3122 2822 6655 0 3662 8636 5587 4801 1795 3076 2107 8314 9157 8499 9400 6823 4720 2836 9941 7450 4448 6775 6182 2967 2200 8310 6461 897 6467 1614 3737 6516 2635 8654 5770
6983 7223 8013 1627 6582 5497 5789 7724 6915 11856 10829 7189 12462 6084 698 4913 9756 3662 0 8744 6580 7594 5285 5470 3000 10680 11327 10815 12232 8838 7897 6495 9551 6617 5452 8520 7805 5054 2753 8323 9419 2867 9861 5245 2034 7898 6281 11131 8861
9285 2026 8758 7509 4975 8924 8058 9875 3509 6719 6461 2353 7706 3042 8225 6019 7921 8636 8744 0 3223 6459 8192 6119 6775 6038 5825 5962 8292 4581 7574 9693 1654 2642 4214 3916 3747 5917 6843 442 7309 8891 9150 8701 6711 3196 9126 6569 7554
6090 1203 5709 5068 1858 5709 4836 6713 586 5814 5043 883 6643 3283 5940 2843 5465 5587 6580 3223 0 3543 4977 2897 3992 4740 5095 4794 6819 2771 4616 6472 4765 3408 1197 2208 1524 2727 4137 3002 4876 5986 6462 5493 4688 1380 5906 5282 4866
3268 4622 2336 5991 1746 3742 2722 3642 3053 4694 3553 4231 5063 6712 6899 2722 2263 4801 7594 6459 3543 0 3212 2136 4611 3574 4493 3777 4671 2561 1115 3973 8100 6913 3422 2907 2753 2601 4868 6357 1837 5604 2962 3697 6346 3305 3462 3868 1449
1784 6166 2755 3945 3488 732 565 2567 4814 7903 6758 5859 8213 7167 4666 2213 4891 1795 5285 8192 4977 3212 0 2089 2868 6785 7689 6985 7683 5520 2960 1668 9668 7563 4046 5618 5142 2292 3088 7936 4741 2688 4677 538 4834 5577 1192 7071 4019
3303 4094 3350 3859 1495 2818 1951 4005 2729 6535 5448 3777 7049 5406 4773 598 4365 3076 5470 6119 2897 2136 2089 0 2477 5361 6142 5527 6765 3754 2683 3591 7628 5738 2077 3705 3143 508 2733 5880 3973 3741 4774 2616 4242 3533 3029 5758 3494
4646 4918 5344 1382 3620 3381 3229 5431 4190 8886 7841 4764 9469 4886 2302 1913 6812 2107 3000 6775 3992 4611 2868 2477 0 7708 8397 7851 9233 5919 5016 4451 7967 5369 2795 5673 4983 2053 261 6414 6445 2130 7057 3087 1981 5173 4046 8145 5925
6605 5113 5267 9055 4098 7304 6292 6742 4186 1179 439 4797 1902 7801 9986 5836 2973 8314 10680 6038 4740 3574 6785 5361 7708 0 1006 232 2259 1976 4165 7404 7567 7753 5484 2558 3216 5684 7941 6187 2575 9067 4366 7269 9074 3479 6945 556 3316
7590 5241 6269 9713 4782 8235 7214 7743 4591 898 1299 4977 1893 7933 10640 6574 3962 9157 11327 5825 5095 4493 7689 6142 8397 1006 0 774 2668 2489 5150 8379 7247 7817 5988 2899 3618 6419 8618 6041 3580 9878 5342 8186 9627 3740 7908 1138 4321
6829 5112 5497 9191 4235 7512 6498 6972 4250 1048 606 4808 1865 7808 10122 5990 3203 8499 10815 5962 4794 3777 6985 5527 7851 232 774 0 2333 2051 4389 7625 7471 7743 5577 2594 3274 5838 8081 6127 2807 9243 4594 7474 9184 3503 7162 610 3547
6969 7321 5463 10614 5797 8036 7131 6847 6240 1855 1853 6985 1087 9985 11535 7321 2876 9400 12232 8292 6819 4671 7683 6765 9233 2259 2668 2333 0 4075 4740 7831 9802 9968 7388 4726 5313 7183 9484 8446 2943 10239 3852 8084 10822 5654 7490 1725 3682
5828 3275 4802 7225 2322 6149 5117 6184 2211 3093 2273 2923 3877 5913 8152 4134 3374 6823 8838 4581 2771 2561 5520 3754 5919 1976 2489 2051 4075 0 3551 6509 6214 5917 3530 687 1248 3978 6136 4627 2771 7489 4685 6047 7152 1593 5978 2512 3166
2440 5722 1253 6357 2774 3302 2400 2657 4149 5176 4034 5333 5347 7711 7220 3272 1935 4720 7897 7574 4616 1115 2960 2683 5016 4165 5150 4389 4740 3551 0 3247 9214 7944 4356 3972 3865 3190 5276 7468 1815 5591 2092 3344 6893 4417 2819 4335 1061
864 7674 2380 5361 4804 1073 1639 1327 6229 8422 7281 7342 8543 8825 5953 3830 4956 2836 6495 9693 6472 3973 1668 3591 4451 7404 8379 7625 7831 6509 3247 0 11218 9212 5637 6747 6387 3887 4648 9466 5013 3657 4270 1366 6367 6878 568 7581 4221
10854 3566 10387 8504 6573 10399 9579 11468 5111 8144 7999 3929 9140 3484 9113 7465 9567 9941 9551 1654 4765 8100 9668 7628 7967 7567 7247 7471 9802 6214 9214 11218 0 2959 5630 5558 5400 7377 7995 1766 8956 10097 10803 10161 7550 4850 10655 8080 9207
9033 2647 8941 5680 5175 8263 7615 9743 3969 8661 8124 2995 9596 534 6214 5392 8870 7450 6617 2642 3408 6913 7563 5738 5369 7753 7817 7743 9968 5917 7944 9212 2959 0 3680 5247 4734 5352 5342 2215 8276 7454 9858 7992 4646 4324 8679 8309 8270
5380 2224 5279 3903 1717 4774 4006 6073 1463 6622 5724 2006 7366 3386 4795 1836 5595 4448 5452 4214 1197 3422 4046 2077 2795 5484 5988 5577 7388 3530 4356 5637 5630 3680 0 3109 2385 1756 2943 3921 5060 4803 6373 4532 3644 2447 5084 5995 4859
6123 2601 5222 6929 2212 6286 5267 6546 1692 3606 2896 2259 4454 5261 7846 3998 4011 6775 8520 3916 2208 2907 5618 3705 5673 2558 2899 2594 4726 687 3972 6747 5558 5247 3109 0 725 3844 5874 3948 3401 7381 5282 6154 6753 928 6199 3110 3722
5828 2133 5086 6220 1660 5835 4841 6321 978 4302 3521 1753 5119 4696 7133 3373 4248 6182 7805 3747 1524 2753 5142 3143 4983 3216 3618 3274 5313 1248 3865 6387 5400 4734 2385 725 0 3223 5177 3699 3637 6749 5415 5680 6029 555 5827 3758 3812
3686 3896 3837 3431 1658 3022 2267 4414 2662 6862 5800 3609 7420 4997 4356 156 4848 2967 5054 5917 2727 2601 2292 508 2053 5684 6419 5838 7183 3978 3190 3887 7377 5352 1756 3844 3223 0 2302 5650 4437 3537 5282 2787 3752 3549 3340 6106 3985
4871 5022 5595 1129 3847 3575 3467 5655 4361 9118 8080 4886 9711 4848 2055 2164 7072 2200 2753 6843 4137 4868 3088 2733 261 7941 8618 8081 9484 6136 5276 4648 7995 5342 2943 5874 5177 2302 0 6472 6703 2116 7316 3282 1747 5348 4258 8383 6186
9090 1801 8629 7110 4808 8668 7828 9702 3348 6927 6601 2164 7906 2603 7812 5744 7923 8310 8323 442 3002 6357 7936 5880 6414 6187 6041 6127 8446 4627 7468 9466 1766 2215 3921 3948 3699 5650 6472 0 7310 8537 9114 8437 6290 3160 8902 6727 7509
4171 5755 2741 7823 3346 5116 4191 4212 4307 3450 2346 5365 3538 8155 8727 4558 613 6461 9419 7309 4876 1837 4741 3973 6445 2575 3580 2807 2943 2771 1815 5013 8956 8276 5060 3401 3637 4437 6703 7310 0 7308 1943 5150 8175 4155 4618 2623 793
4224 6994 5427 2109 5186 2717 3246 4927 6085 10231 9116 6807 10665 6955 2406 3383 7524 897 2867 8891 5986 5604 2688 3741 2130 9067 9878 9243 10239 7489 5591 3657 10097 7454 4803 7381 6749 3537 2116 8537 7308 0 7363 2501 3321 7033 3506 9430 6633
3423 7466 1965 8368 4707 4775 4125 3108 5934 5010 4048 7072 4777 9670 9200 5362 1408 6467 9861 9150 6462 2962 4677 4774 7057 4366 5342 4594 3852 4685 2092 4270 10803 9858 6373 5282 5415 5282 7316 9114 1943 7363 0 4916 8966 5959 4073 4265 1610
1740 6676 2957 4022 4026 294 979 2484 5344 8375 7226 6376 8652 7580 4665 2696 5255 1614 5245 8701 5493 3697 538 2616 3087 7269 8186 7474 8084 6047 3344 1366 10161 7992 4532 6154 5680 2787 3282 8437 5150 2501 4916 0 5004 6114 1038 7539 4403
6617 5229 7309 1222 5033 5294 5210 7401 5089 10231 9275 5225 10923 4113 1568 3645 8599 3737 2034 6711 4688 6346 4834 4242 1981 9074 9627 9184 10822 7152 6893 6367 7550 4646 3644 6753 6029 3752 1747 6290 8175 3321 8966 5004 0 6048 5997 9562 7735
6343 1682 5635 6346 2094 6284 5307 6853 989 4495 3824 1332 5367 4333 7241 3693 4768 6516 7898 3196 1380 3305 5577 3533 5173 3479 3740 3503 5654 1593 4417 6878 4850 4324 2447 928 555 3549 5348 3160 4155 7033 5959 6114 6048 0 6314 4032 4359
719 7108 2120 5049 4237 790 1079 1445 5661 7988 6842 6775 8156 8301 5703 3289 4617 2635 6281 9126 5906 3462 1192 3029 4046 6945 7908 7162 7490 5978 2819 568 10655 8679 5084 6199 5827 3340 4258 8902 4618 3506 4073 1038 5997 6314 0 7146 3834
6759 5669 5362 9503 4556 7554 6560 6834 4723 842 315 5352 1371 8356 10434 6256 2920 8654 11131 6569 5282 3868 7071 5758 8145 556 1138 610 1725 2512 4335 7581 8080 8309 5995 3110 3758 6106 8383 6727 2623 9430 4265 7539 9562 4032 7146 0 3404
3378 5857 1960 7291 3158 4355 3460 3434 4330 4236 3119 5462 4325 8099 8175 4091 899 5770 8861 7554 4866 1449 4019 3494 5925 3316 4321 3547 3682 3166 1061 4221 9207 8270 4859 3722 3812 3985 6186 7509 793 6633 1610 4403 7735 4359 3834 3404 0
