5 5 2
13 36 98 54 50
134 103
0 7396 3635 1632 2240 9245 3982 10381 4653 3497 2487 7573 2217 5590 4750 6648 6078 6517 6729 3559 2651
7396 0 7563 6537 5717 8874 5547 8746 6387 3956 7332 7823 5457 5518 8903 5526 8682 4265 1996 8577 8878
3635 7563 0 2280 2521 5815 2062 7161 1732 4867 1149 4184 2941 3082 1464 4082 2445 4618 6035 1144 2218
1632 6537 2280 0 838 7647 2361 8752 3036 3037 1250 5974 1095 3966 3629 5031 4682 4987 5522 2643 2405
2240 5717 2521 838 0 7343 1854 8323 2750 2401 1767 5685 420 3438 3971 4466 4739 4277 4688 3172 3176
9245 8874 5815 7647 7343 0 5521 1694 4620 8746 6881 1673 7644 4136 5542 3513 3812 4677 6890 6575 7917
3982 5547 2062 2361 1854 5521 0 6469 1086 3483 2263 3884 2125 1608 3355 2670 3432 2768 3973 3165 3884
10381 8746 7161 8752 8323 1694 6469 0 5739 9359 8148 3013 8567 4911 7086 4004 5394 4888 6856 8031 9337
4653 6387 1732 3036 2750 4620 1086 5739 0 4569 2466 2950 3088 1357 2651 2355 2383 2945 4643 2859 3902
3497 3956 4867 3037 2401 8746 3483 9359 4569 0 4161 7207 2001 4611 6331 5364 6859 4595 3762 5572 5427
2487 7332 1149 1250 1767 6881 2263 8148 2466 4161 0 5224 2160 3687 2389 4755 3592 5027 6044 1418 1638
7573 7823 4184 5974 5685 1673 3884 3013 2950 7207 5224 0 5998 2623 4093 2297 2461 3561 5831 5019 6333
2217 5457 2941 1095 420 7644 2125 8567 3088 2001 2160 5998 0 3660 4391 4655 5140 4355 4554 3574 3495
5590 5518 3082 3966 3438 4136 1608 4911 1357 4611 3687 2623 3660 0 3933 1077 3225 1638 3618 4215 5212
4750 8903 1464 3629 3971 5542 3355 7086 2651 6331 2389 4093 4391 3933 0 4756 1742 5566 7259 1246 2573
6648 5526 4082 5031 4466 3513 2670 4004 2355 5364 4755 2297 4655 1077 4756 0 3720 1266 3535 5191 6252
6078 8682 2445 4682 4739 3812 3432 5394 2383 6859 3592 2461 5140 3225 1742 3720 0 4795 6833 2877 4241
6517 4265 4618 4987 4277 4677 2768 4888 2945 4595 5027 3561 4355 1638 5566 1266 4795 0 2271 5761 6633
6729 1996 6035 5522 4688 6890 3973 6856 4643 3762 6044 5831 4554 3618 7259 3535 6833 2271 0 7128 7669
3559 8577 1144 2643 3172 6575 3165 8031 2859 5572 1418 5019 3574 4215 1246 5191 2877 5761 7128 0 1364
2651 8878 2218 2405 3176 7917 3884 9337 3902 5427 1638 6333 3495 5212 2573 6252 4241 6633 7669 1364 0
