2 11 5 3 1 1440.0
0.0 0.0
1 5.573 7.114 -2.192 -9.21 1 0.0 1440.0 322.0 337.0 3.0 3.0 30.0
2 -6.614 0.072 -1.061 8.752 1 0.0 1440.0 179.0 194.0 3.0 3.0 30.0
3 6.498 -6.036 -9.865 1.398 1 0.0 1440.0 49.0 64.0 3.0 3.0 30.0
4 0.861 6.903 -9.8 5.697 1 0.0 1440.0 400.0 415.0 3.0 3.0 30.0
5 3.904 -5.261 1.271 1.018 1 0.0 1440.0 298.0 313.0 3.0 3.0 30.0
6 7.976 -9.0 4.404 -1.952 1 276.0 291.0 0.0 1440.0 3.0 3.0 30.0
7 -2.61 0.039 0.673 6.283 1 32.0 47.0 0.0 1440.0 3.0 3.0 30.0
8 4.487 7.142 7.032 2.808 1 115.0 130.0 0.0 1440.0 3.0 3.0 30.0
9 -4.172 -9.096 3.763 -7.269 1 198.0 213.0 0.0 1440.0 3.0 3.0 30.0
10 7.835 -9.269 6.634 -7.426 1 160.0 175.0 0.0 1440.0 3.0 3.0 30.0
11 2.792 -7.944 -9.45 3.792 1 180.0 195.0 0.0 1440.0 3.0 3.0 30.0
12 -1.198 -5.164 6.687 6.731 1 0.0 1440.0 402.0 417.0 3.0 3.0 30.0
13 -7.374 -1.107 6.883 0.882 1 0.0 1440.0 138.0 153.0 3.0 3.0 30.0
14 -9.251 8.321 5.586 -1.554 1 0.0 1440.0 82.0 97.0 3.0 3.0 30.0
15 8.938 -4.388 -0.694 -7.098 1 14.0 29.0 0.0 1440.0 3.0 3.0 30.0
16 5.212 9.271 -8.819 -4.749 1 366.0 381.0 0.0 1440.0 3.0 3.0 30.0
