2 16 8 3 1 1440.0
0.0 0.0
1 -1.533 5.838 -9.256 7.203 1 0.0 1440.0 262.0 277.0 3.0 3.0 30.0
2 8.211 9.335 6.261 5.239 1 0.0 1440.0 511.0 526.0 3.0 3.0 30.0
3 -8.366 -9.836 3.737 -4.592 1 0.0 1440.0 325.0 340.0 3.0 3.0 30.0
4 7.256 5.627 0.215 1.011 1 0.0 1440.0 107.0 122.0 3.0 3.0 30.0
5 -2.922 3.753 4.424 -6.462 1 0.0 1440.0 219.0 234.0 3.0 3.0 30.0
6 -4.755 4.015 -4.793 -1.223 1 0.0 1440.0 152.0 167.0 3.0 3.0 30.0
7 -8.02 7.008 0.411 -7.856 1 0.0 1440.0 567.0 582.0 3.0 3.0 30.0
8 -4.481 -3.966 9.401 -8.854 1 343.0 358.0 0.0 1440.0 3.0 3.0 30.0
9 -2.072 -0.111 -0.503 0.566 1 451.0 466.0 0.0 1440.0 3.0 3.0 30.0
10 -3.43 6.086 9.797 9.511 1 275.0 290.0 0.0 1440.0 3.0 3.0 30.0
11 3.725 -7.213 -3.411 -2.522 1 334.0 349.0 0.0 1440.0 3.0 3.0 30.0
12 -1.921 5.335 2.723 -7.906 1 49.0 64.0 0.0 1440.0 3.0 3.0 30.0
13 8.606 1.911 -5.925 5.614 1 205.0 220.0 0.0 1440.0 3.0 3.0 30.0
14 -2.27 -4.38 -8.867 3.763 1 75.0 90.0 0.0 1440.0 3.0 3.0 30.0
15 -9.584 8.59 5.274 -6.797 1 90.0 105.0 0.0 1440.0 3.0 3.0 30.0
16 6.974 7.451 -7.34 -1.115 1 603.0 618.0 0.0 1440.0 3.0 3.0 30.0
17 -5.193 3.755 -2.884 1.679 1 0.0 1440.0 464.0 479.0 3.0 3.0 30.0
18 -4.142 6.46 6.114 0.868 1 0.0 1440.0 424.0 439.0 3.0 3.0 30.0
19 -8.331 -6.468 -1.277 8.064 1 0.0 1440.0 307.0 322.0 3.0 3.0 30.0
20 -1.649 -7.362 9.478 -5.811 1 0.0 1440.0 595.0 610.0 3.0 3.0 30.0
21 -0.769 2.942 -7.6 -1.434 1 0.0 1440.0 627.0 642.0 3.0 3.0 30.0
22 6.031 1.776 -8.309 -4.08 1 404.0 419.0 0.0 1440.0 3.0 3.0 30.0
23 -4.538 2.054 2.49 -8.451 1 396.0 411.0 0.0 1440.0 3.0 3.0 30.0
24 -1.282 5.474 1.282 -5.946 1 441.0 456.0 0.0 1440.0 3.0 3.0 30.0
