2 14 6 3 1 1440.0
0.0 0.0
1 -1.99 -1.658 0.236 4.403 1 0.0 1440.0 429.0 444.0 3.0 3.0 30.0
2 -4.603 -7.847 6.5 -7.595 1 0.0 1440.0 396.0 411.0 3.0 3.0 30.0
3 2.007 -7.783 8.752 -0.833 1 0.0 1440.0 85.0 100.0 3.0 3.0 30.0
4 -0.999 2.075 4.793 1.394 1 0.0 1440.0 488.0 503.0 3.0 3.0 30.0
5 -2.683 4.361 5.592 1.561 1 0.0 1440.0 579.0 594.0 3.0 3.0 30.0
6 -5.038 6.284 6.958 -2.884 1 522.0 537.0 0.0 1440.0 3.0 3.0 30.0
7 -0.701 8.115 9.122 1.517 1 223.0 238.0 0.0 1440.0 3.0 3.0 30.0
8 9.605 -6.918 -9.482 1.679 1 321.0 336.0 0.0 1440.0 3.0 3.0 30.0
9 9.507 1.315 9.475 -3.831 1 421.0 436.0 0.0 1440.0 3.0 3.0 30.0
10 -4.878 5.251 -2.917 -5.821 1 179.0 194.0 0.0 1440.0 3.0 3.0 30.0
11 4.27 -7.745 1.496 -1.37 1 82.0 97.0 0.0 1440.0 3.0 3.0 30.0
12 9.377 9.831 -2.379 7.492 1 516.0 531.0 0.0 1440.0 3.0 3.0 30.0
13 -1.88 9.656 7.097 1.203 1 236.0 251.0 0.0 1440.0 3.0 3.0 30.0
14 1.567 -1.749 0.71 -7.118 1 455.0 470.0 0.0 1440.0 3.0 3.0 30.0
15 -4.374 -7.608 0.585 -8.368 1 0.0 1440.0 469.0 484.0 3.0 3.0 30.0
16 -6.5 8.666 -4.751 9.38 1 0.0 1440.0 268.0 283.0 3.0 3.0 30.0
17 6.012 -5.756 5.342 -5.808 1 0.0 1440.0 331.0 346.0 3.0 3.0 30.0
18 -2.205 -3.339 9.404 6.138 1 0.0 1440.0 417.0 432.0 3.0 3.0 30.0
19 -9.086 9.056 9.638 9.58 1 0.0 1440.0 558.0 573.0 3.0 3.0 30.0
20 -7.962 -9.986 3.593 8.322 1 19.0 34.0 0.0 1440.0 3.0 3.0 30.0
