3 16 8 2 1 3 1440.0
0.0 0.0
1 -5.971 9.898 7.039 -9.667 1 0.0 1440.0 135.0 150.0 3.0 3.0 30.0
2 -8.232 2.958 9.579 -2.533 1 0.0 1440.0 403.0 418.0 3.0 3.0 30.0
3 -4.158 -5.684 -2.556 -1.591 1 0.0 1440.0 450.0 465.0 3.0 3.0 30.0
4 3.4 6.234 -5.426 -5.816 1 0.0 1440.0 292.0 307.0 3.0 3.0 30.0
5 -4.803 6.829 4.617 -7.513 1 0.0 1440.0 168.0 183.0 3.0 3.0 30.0
6 1.602 1.41 2.719 9.707 1 0.0 1440.0 138.0 153.0 3.0 3.0 30.0
7 -4.452 1.881 -4.451 -0.135 1 0.0 1440.0 338.0 353.0 3.0 3.0 30.0
8 1.167 8.532 -6.735 -2.599 1 156.0 171.0 0.0 1440.0 3.0 3.0 30.0
9 0.311 5.662 4.383 9.129 1 26.0 41.0 0.0 1440.0 3.0 3.0 30.0
10 -5.792 -0.089 2.267 2.332 1 385.0 400.0 0.0 1440.0 3.0 3.0 30.0
11 -3.974 2.98 7.529 -7.145 1 0.0 15.0 0.0 1440.0 3.0 3.0 30.0
12 8.858 2.735 4.456 0.268 1 297.0 312.0 0.0 1440.0 3.0 3.0 30.0
13 7.172 9.713 5.816 -0.948 1 119.0 134.0 0.0 1440.0 3.0 3.0 30.0
14 3.671 -1.054 -9.781 2.203 1 160.0 175.0 0.0 1440.0 3.0 3.0 30.0
15 2.273 -3.875 9.202 -4.747 1 43.0 58.0 0.0 1440.0 3.0 3.0 30.0
16 0.677 0.195 6.048 0.39 1 107.0 122.0 0.0 1440.0 3.0 3.0 30.0
17 6.165 0.783 6.947 -2.795 1 0.0 1440.0 270.0 285.0 3.0 3.0 30.0
18 -1.48 7.29 -9.286 1.261 1 0.0 1440.0 355.0 370.0 3.0 3.0 30.0
19 0.232 -1.894 -4.468 1.718 1 0.0 1440.0 341.0 356.0 3.0 3.0 30.0
20 -3.018 -1.182 -1.787 -3.12 1 0.0 1440.0 224.0 239.0 3.0 3.0 30.0
21 3.138 -1.876 -1.352 -3.904 1 0.0 1440.0 383.0 398.0 3.0 3.0 30.0
22 6.395 -7.997 -7.486 2.057 1 34.0 49.0 0.0 1440.0 3.0 3.0 30.0
23 -6.734 3.91 6.265 3.176 1 180.0 195.0 0.0 1440.0 3.0 3.0 30.0
24 -3.859 6.513 -5.889 8.876 1 301.0 316.0 0.0 1440.0 3.0 3.0 30.0
