3 20 10 3 2 1 1440.0
0.0 0.0
1 -4.263 -7.22 6.837 2.537 1 0.0 1440.0 441.0 456.0 3.0 3.0 30.0
2 -5.758 9.449 -8.805 0.005 1 0.0 1440.0 81.0 96.0 3.0 3.0 30.0
3 -1.037 9.249 5.873 1.129 1 0.0 1440.0 223.0 238.0 3.0 3.0 30.0
4 -7.72 -2.014 9.654 -3.534 1 0.0 1440.0 202.0 217.0 3.0 3.0 30.0
5 -2.707 -8.333 7.936 -6.107 1 0.0 1440.0 542.0 557.0 3.0 3.0 30.0
6 -2.261 -1.701 -6.993 -1.508 1 0.0 1440.0 351.0 366.0 3.0 3.0 30.0
7 -7.074 -2.761 7.455 -7.825 1 0.0 1440.0 276.0 291.0 3.0 3.0 30.0
8 3.843 -1.762 -5.545 -8.172 1 0.0 1440.0 339.0 354.0 3.0 3.0 30.0
9 4.077 -6.875 3.682 6.753 1 0.0 1440.0 269.0 284.0 3.0 3.0 30.0
10 -2.136 -2.809 4.101 3.8 1 0.0 1440.0 339.0 354.0 3.0 3.0 30.0
11 6.072 -1.166 -8.907 7.739 1 134.0 149.0 0.0 1440.0 3.0 3.0 30.0
12 -2.755 -2.007 -4.522 5.544 1 377.0 392.0 0.0 1440.0 3.0 3.0 30.0
13 -9.992 -4.899 -9.559 -1.754 1 61.0 76.0 0.0 1440.0 3.0 3.0 30.0
14 6.022 5.952 -7.677 9.147 1 515.0 530.0 0.0 1440.0 3.0 3.0 30.0
15 -5.925 -8.097 -2.47 2.909 1 142.0 157.0 0.0 1440.0 3.0 3.0 30.0
16 -3.111 0.747 -9.846 4.882 1 423.0 438.0 0.0 1440.0 3.0 3.0 30.0
17 -6.449 -3.282 5.935 9.503 1 407.0 422.0 0.0 1440.0 3.0 3.0 30.0
18 -4.206 -7.907 -6.23 8.97 1 411.0 426.0 0.0 1440.0 3.0 3.0 30.0
19 -7.096 -7.241 -6.955 -5.193 1 430.0 445.0 0.0 1440.0 3.0 3.0 30.0
20 1.806 -9.181 -6.508 -4.027 1 530.0 545.0 0.0 1440.0 3.0 3.0 30.0
21 -1.475 -5.814 -8.618 -3.815 1 0.0 1440.0 149.0 164.0 3.0 3.0 30.0
22 -8.862 6.6 2.787 -9.525 1 0.0 1440.0 208.0 223.0 3.0 3.0 30.0
23 9.114 -9.247 -0.113 -1.64 1 0.0 1440.0 439.0 454.0 3.0 3.0 30.0
24 1.854 -7.324 2.203 4.633 1 0.0 1440.0 172.0 187.0 3.0 3.0 30.0
25 7.348 -4.065 8.876 6.797 1 0.0 1440.0 284.0 299.0 3.0 3.0 30.0
26 9.359 1.424 8.47 -3.401 1 17.0 32.0 0.0 1440.0 3.0 3.0 30.0
27 -5.733 3.177 -2.989 1.458 1 21.0 36.0 0.0 1440.0 3.0 3.0 30.0
28 -5.284 4.167 4.241 6.141 1 22.0 37.0 0.0 1440.0 3.0 3.0 30.0
29 4.812 -8.719 6.149 9.913 1 118.0 133.0 0.0 1440.0 3.0 3.0 30.0
30 -1.972 6.108 1.696 8.775 1 177.0 192.0 0.0 1440.0 3.0 3.0 30.0
