3 24 12 1 2 3 1440.0
0.0 0.0
1 0.564 -6.62 -6.846 -5.203 1 0.0 1440.0 141.0 156.0 3.0 3.0 30.0
2 -9.61 -6.133 5.398 -1.888 1 0.0 1440.0 613.0 628.0 3.0 3.0 30.0
3 5.322 -9.632 8.676 8.701 1 0.0 1440.0 159.0 174.0 3.0 3.0 30.0
4 4.495 -3.673 1.133 3.631 1 0.0 1440.0 251.0 266.0 3.0 3.0 30.0
5 -8.808 9.811 5.355 -8.087 1 0.0 1440.0 259.0 274.0 3.0 3.0 30.0
6 6.414 3.69 5.899 -7.904 1 0.0 1440.0 101.0 116.0 3.0 3.0 30.0
7 -7.661 7.122 -7.514 -3.793 1 0.0 1440.0 394.0 409.0 3.0 3.0 30.0
8 4.336 -0.726 -8.472 4.704 1 0.0 1440.0 52.0 67.0 3.0 3.0 30.0
9 2.747 -0.768 8.005 -5.942 1 0.0 1440.0 487.0 502.0 3.0 3.0 30.0
10 4.024 8.881 -2.988 -2.286 1 0.0 1440.0 345.0 360.0 3.0 3.0 30.0
11 -7.808 7.788 2.064 1.466 1 223.0 238.0 0.0 1440.0 3.0 3.0 30.0
12 8.018 -5.228 -5.787 -2.75 1 272.0 287.0 0.0 1440.0 3.0 3.0 30.0
13 8.172 -3.177 -9.199 -7.295 1 22.0 37.0 0.0 1440.0 3.0 3.0 30.0
14 -5.27 1.102 -9.431 -6.389 1 273.0 288.0 0.0 1440.0 3.0 3.0 30.0
15 4.596 4.009 3.996 2.384 1 180.0 195.0 0.0 1440.0 3.0 3.0 30.0
16 -9.224 -0.324 0.402 -4.452 1 582.0 597.0 0.0 1440.0 3.0 3.0 30.0
17 7.946 8.453 -6.279 -5.23 1 212.0 227.0 0.0 1440.0 3.0 3.0 30.0
18 9.132 9.918 -6.224 -9.121 1 340.0 355.0 0.0 1440.0 3.0 3.0 30.0
19 -5.992 0.89 -4.391 5.11 1 304.0 319.0 0.0 1440.0 3.0 3.0 30.0
20 5.382 -8.879 2.105 -0.609 1 148.0 163.0 0.0 1440.0 3.0 3.0 30.0
21 -3.417 4.891 0.167 6.258 1 518.0 533.0 0.0 1440.0 3.0 3.0 30.0
22 2.544 9.436 4.205 0.997 1 626.0 641.0 0.0 1440.0 3.0 3.0 30.0
23 3.071 6.617 -0.213 -6.04 1 161.0 176.0 0.0 1440.0 3.0 3.0 30.0
24 -4.162 -9.783 -6.867 9.275 1 21.0 36.0 0.0 1440.0 3.0 3.0 30.0
25 0.301 2.093 -2.163 5.316 1 0.0 1440.0 150.0 165.0 3.0 3.0 30.0
26 5.738 9.136 -7.992 5.122 1 0.0 1440.0 535.0 550.0 3.0 3.0 30.0
27 -8.276 -9.279 3.556 1.13 1 0.0 1440.0 592.0 607.0 3.0 3.0 30.0
28 3.986 -4.319 -2.796 -4.174 1 0.0 1440.0 330.0 345.0 3.0 3.0 30.0
29 -6.698 1.31 -0.997 5.395 1 0.0 1440.0 187.0 202.0 3.0 3.0 30.0
30 3.551 -5.467 8.552 9.877 1 0.0 1440.0 447.0 462.0 3.0 3.0 30.0
31 0.787 -2.462 -8.931 0.598 1 0.0 1440.0 143.0 158.0 3.0 3.0 30.0
32 -9.394 1.594 0.053 7.728 1 0.0 1440.0 581.0 596.0 3.0 3.0 30.0
33 9.006 -8.252 3.492 -3.455 1 134.0 149.0 0.0 1440.0 3.0 3.0 30.0
34 -9.79 8.336 -5.783 1.804 1 64.0 79.0 0.0 1440.0 3.0 3.0 30.0
35 9.172 3.437 5.32 7.509 1 235.0 250.0 0.0 1440.0 3.0 3.0 30.0
36 -4.138 -7.25 0.129 -4.221 1 363.0 378.0 0.0 1440.0 3.0 3.0 30.0
