4 22 10 3 2 2 1 1440.0
0.0 0.0
1 -1.945 2.536 5.726 1.117 1 0.0 1440.0 68.0 83.0 3.0 3.0 30.0
2 1.03 5.097 3.075 -1.551 1 0.0 1440.0 304.0 319.0 3.0 3.0 30.0
3 2.758 -5.596 -3.986 1.732 1 0.0 1440.0 158.0 173.0 3.0 3.0 30.0
4 4.832 -8.99 -4.51 1.102 1 0.0 1440.0 162.0 177.0 3.0 3.0 30.0
5 5.721 5.883 8.728 7.993 1 0.0 1440.0 362.0 377.0 3.0 3.0 30.0
6 -7.73 2.06 -7.225 3.683 1 0.0 1440.0 221.0 236.0 3.0 3.0 30.0
7 2.097 4.404 -3.559 6.501 1 0.0 1440.0 426.0 441.0 3.0 3.0 30.0
8 9.83 -6.337 1.333 -9.161 1 0.0 1440.0 96.0 111.0 3.0 3.0 30.0
9 -0.732 -8.409 8.18 0.6 1 0.0 1440.0 214.0 229.0 3.0 3.0 30.0
10 1.864 -1.036 3.069 5.212 1 0.0 1440.0 268.0 283.0 3.0 3.0 30.0
11 8.32 -0.636 0.933 4.203 1 0.0 1440.0 232.0 247.0 3.0 3.0 30.0
12 -5.524 1.701 6.473 6.536 1 213.0 228.0 0.0 1440.0 3.0 3.0 30.0
13 -9.908 6.598 -1.367 4.495 1 107.0 122.0 0.0 1440.0 3.0 3.0 30.0
14 4.771 6.467 4.325 8.434 1 318.0 333.0 0.0 1440.0 3.0 3.0 30.0
15 8.902 3.344 -2.297 -9.508 1 384.0 399.0 0.0 1440.0 3.0 3.0 30.0
16 -8.599 1.372 2.356 0.364 1 158.0 173.0 0.0 1440.0 3.0 3.0 30.0
17 -2.572 9.361 5.847 9.129 1 260.0 275.0 0.0 1440.0 3.0 3.0 30.0
18 -3.849 -1.958 -9.114 -7.382 1 405.0 420.0 0.0 1440.0 3.0 3.0 30.0
19 -6.794 -2.976 -8.48 6.55 1 42.0 57.0 0.0 1440.0 3.0 3.0 30.0
20 -4.674 4.369 7.951 6.698 1 174.0 189.0 0.0 1440.0 3.0 3.0 30.0
21 9.888 -4.076 -2.133 9.249 1 146.0 161.0 0.0 1440.0 3.0 3.0 30.0
22 9.934 5.769 -4.524 -2.024 1 169.0 184.0 0.0 1440.0 3.0 3.0 30.0
23 3.758 6.27 5.584 -9.885 1 0.0 1440.0 387.0 402.0 3.0 3.0 30.0
24 -8.839 -7.728 -3.473 6.384 1 0.0 1440.0 179.0 194.0 3.0 3.0 30.0
25 -5.218 1.413 6.948 -4.385 1 0.0 1440.0 45.0 60.0 3.0 3.0 30.0
26 7.341 -8.669 9.156 -0.123 1 0.0 1440.0 260.0 275.0 3.0 3.0 30.0
27 -7.531 -6.652 -9.093 7.567 1 0.0 1440.0 241.0 256.0 3.0 3.0 30.0
28 -7.993 8.502 -1.315 1.371 1 60.0 75.0 0.0 1440.0 3.0 3.0 30.0
29 -0.482 -8.983 9.221 -3.885 1 288.0 303.0 0.0 1440.0 3.0 3.0 30.0
30 -8.063 7.0 8.705 -9.561 1 211.0 226.0 0.0 1440.0 3.0 3.0 30.0
31 8.307 -3.782 -1.233 9.324 1 312.0 327.0 0.0 1440.0 3.0 3.0 30.0
32 5.09 -0.386 1.182 -7.887 1 162.0 177.0 0.0 1440.0 3.0 3.0 30.0
