4 32 16 3 1 2 2 1440.0
0.0 0.0
1 4.038 -5.586 5.041 9.893 1 0.0 1440.0 498.0 513.0 3.0 3.0 30.0
2 -5.059 0.614 5.357 6.173 1 0.0 1440.0 676.0 691.0 3.0 3.0 30.0
3 -5.752 -3.75 3.811 -0.492 1 0.0 1440.0 463.0 478.0 3.0 3.0 30.0
4 -2.526 8.969 -7.342 8.088 1 0.0 1440.0 666.0 681.0 3.0 3.0 30.0
5 8.111 2.642 -7.663 -5.638 1 0.0 1440.0 435.0 450.0 3.0 3.0 30.0
6 -4.675 -4.231 -2.773 3.359 1 0.0 1440.0 418.0 433.0 3.0 3.0 30.0
7 3.551 -0.525 0.561 6.374 1 0.0 1440.0 446.0 461.0 3.0 3.0 30.0
8 -3.744 -6.639 8.655 8.898 1 0.0 1440.0 144.0 159.0 3.0 3.0 30.0
9 -8.424 -1.857 4.525 1.051 1 0.0 1440.0 404.0 419.0 3.0 3.0 30.0
10 -9.68 -6.156 8.561 -4.908 1 0.0 1440.0 118.0 133.0 3.0 3.0 30.0
11 5.79 -0.709 2.456 3.752 1 0.0 1440.0 306.0 321.0 3.0 3.0 30.0
12 4.058 0.853 5.326 -8.517 1 0.0 1440.0 568.0 583.0 3.0 3.0 30.0
13 1.877 4.525 -2.261 5.238 1 0.0 1440.0 264.0 279.0 3.0 3.0 30.0
14 7.542 0.861 0.443 -2.214 1 0.0 1440.0 421.0 436.0 3.0 3.0 30.0
15 -1.557 -4.059 -0.638 6.586 1 13.0 28.0 0.0 1440.0 3.0 3.0 30.0
16 6.84 8.974 6.906 -9.316 1 65.0 80.0 0.0 1440.0 3.0 3.0 30.0
17 -8.784 4.454 6.473 0.508 1 337.0 352.0 0.0 1440.0 3.0 3.0 30.0
18 -8.578 3.788 -4.898 5.947 1 11.0 26.0 0.0 1440.0 3.0 3.0 30.0
19 -9.575 0.782 3.489 1.286 1 42.0 57.0 0.0 1440.0 3.0 3.0 30.0
20 -7.801 0.638 9.729 -1.86 1 538.0 553.0 0.0 1440.0 3.0 3.0 30.0
21 1.051 3.222 -5.02 0.025 1 186.0 201.0 0.0 1440.0 3.0 3.0 30.0
22 5.22 -7.863 1.241 -0.326 1 57.0 72.0 0.0 1440.0 3.0 3.0 30.0
23 2.363 -3.685 2.046 7.914 1 173.0 188.0 0.0 1440.0 3.0 3.0 30.0
24 0.712 -1.227 -3.424 -8.506 1 589.0 604.0 0.0 1440.0 3.0 3.0 30.0
25 0.048 7.591 -6.307 -9.314 1 390.0 405.0 0.0 1440.0 3.0 3.0 30.0
26 4.752 -5.931 6.978 -8.933 1 491.0 506.0 0.0 1440.0 3.0 3.0 30.0
27 -0.489 -3.844 0.424 8.284 1 393.0 408.0 0.0 1440.0 3.0 3.0 30.0
28 -5.982 5.611 -1.668 -8.392 1 297.0 312.0 0.0 1440.0 3.0 3.0 30.0
29 -2.556 -9.246 5.515 -5.743 1 87.0 102.0 0.0 1440.0 3.0 3.0 30.0
30 -7.484 -5.008 -3.266 5.519 1 374.0 389.0 0.0 1440.0 3.0 3.0 30.0
31 -6.781 -5.232 0.423 7.447 1 334.0 349.0 0.0 1440.0 3.0 3.0 30.0
32 -5.652 -9.441 -3.041 0.504 1 173.0 188.0 0.0 1440.0 3.0 3.0 30.0
33 0.981 -7.571 8.135 -0.006 1 0.0 1440.0 282.0 297.0 3.0 3.0 30.0
34 -2.984 4.348 -4.492 7.596 1 0.0 1440.0 684.0 699.0 3.0 3.0 30.0
35 -7.134 -1.966 3.924 -5.895 1 0.0 1440.0 301.0 316.0 3.0 3.0 30.0
36 7.202 -7.177 8.143 -8.384 1 0.0 1440.0 640.0 655.0 3.0 3.0 30.0
37 6.571 6.17 2.597 9.001 1 0.0 1440.0 130.0 145.0 3.0 3.0 30.0
38 -6.631 -1.902 -3.984 7.717 1 0.0 1440.0 164.0 179.0 3.0 3.0 30.0
39 -2.49 -5.227 2.945 -6.319 1 0.0 1440.0 439.0 454.0 3.0 3.0 30.0
40 -2.637 7.962 -2.951 5.462 1 0.0 1440.0 202.0 217.0 3.0 3.0 30.0
41 -8.426 -2.575 -7.064 -9.456 1 0.0 1440.0 78.0 93.0 3.0 3.0 30.0
42 5.205 0.244 -5.776 -9.026 1 0.0 1440.0 625.0 640.0 3.0 3.0 30.0
43 -7.628 -4.448 -5.434 3.225 1 199.0 214.0 0.0 1440.0 3.0 3.0 30.0
44 2.363 0.372 9.336 -3.849 1 504.0 519.0 0.0 1440.0 3.0 3.0 30.0
45 3.907 6.813 1.736 -2.872 1 58.0 73.0 0.0 1440.0 3.0 3.0 30.0
46 -7.523 3.003 -7.652 -5.385 1 396.0 411.0 0.0 1440.0 3.0 3.0 30.0
47 -0.66 4.228 3.43 9.712 1 646.0 661.0 0.0 1440.0 3.0 3.0 30.0
48 7.015 -1.673 0.271 -8.917 1 374.0 389.0 0.0 1440.0 3.0 3.0 30.0
