4 27 13 3 1 2 2 1440.0
0.0 0.0
1 -8.757 8.21 -3.83 -4.934 1 0.0 1440.0 128.0 143.0 3.0 3.0 30.0
2 2.528 3.597 4.903 -0.04 1 0.0 1440.0 198.0 213.0 3.0 3.0 30.0
3 0.951 6.439 9.296 -0.838 1 0.0 1440.0 162.0 177.0 3.0 3.0 30.0
4 9.524 9.265 -8.311 3.121 1 0.0 1440.0 359.0 374.0 3.0 3.0 30.0
5 -5.062 -8.187 9.046 1.369 1 0.0 1440.0 532.0 547.0 3.0 3.0 30.0
6 9.145 3.664 9.631 -4.618 1 0.0 1440.0 418.0 433.0 3.0 3.0 30.0
7 -2.112 -6.392 5.868 2.391 1 0.0 1440.0 355.0 370.0 3.0 3.0 30.0
8 2.147 -3.434 -1.194 1.412 1 0.0 1440.0 97.0 112.0 3.0 3.0 30.0
9 9.012 -2.649 9.173 2.676 1 0.0 1440.0 167.0 182.0 3.0 3.0 30.0
10 -8.821 -9.577 -9.436 -5.213 1 0.0 1440.0 394.0 409.0 3.0 3.0 30.0
11 1.935 -6.608 9.215 4.508 1 107.0 122.0 0.0 1440.0 3.0 3.0 30.0
12 1.88 9.693 -2.649 9.665 1 449.0 464.0 0.0 1440.0 3.0 3.0 30.0
13 -5.43 -4.56 1.811 1.136 1 87.0 102.0 0.0 1440.0 3.0 3.0 30.0
14 -2.633 9.574 -0.649 -1.659 1 253.0 268.0 0.0 1440.0 3.0 3.0 30.0
15 -2.707 -1.447 -2.647 4.645 1 0.0 15.0 0.0 1440.0 3.0 3.0 30.0
16 3.108 -9.407 5.823 3.531 1 16.0 31.0 0.0 1440.0 3.0 3.0 30.0
17 3.549 9.825 -4.533 6.94 1 539.0 554.0 0.0 1440.0 3.0 3.0 30.0
18 -6.04 -9.703 -1.934 -0.6 1 518.0 533.0 0.0 1440.0 3.0 3.0 30.0
19 -6.48 -1.447 6.768 -6.906 1 137.0 152.0 0.0 1440.0 3.0 3.0 30.0
20 7.932 2.462 0.387 -3.515 1 135.0 150.0 0.0 1440.0 3.0 3.0 30.0
21 2.492 -9.145 9.593 3.085 1 354.0 369.0 0.0 1440.0 3.0 3.0 30.0
22 -8.535 8.592 -3.366 -8.71 1 96.0 111.0 0.0 1440.0 3.0 3.0 30.0
23 -9.12 6.654 -0.147 -8.823 1 519.0 534.0 0.0 1440.0 3.0 3.0 30.0
24 5.856 6.021 -5.303 -5.592 1 210.0 225.0 0.0 1440.0 3.0 3.0 30.0
25 -8.87 8.178 -7.66 3.593 1 238.0 253.0 0.0 1440.0 3.0 3.0 30.0
26 -6.79 -1.581 -3.916 -5.935 1 517.0 532.0 0.0 1440.0 3.0 3.0 30.0
27 -0.623 1.913 8.702 -8.229 1 124.0 139.0 0.0 1440.0 3.0 3.0 30.0
28 6.633 -4.066 -1.095 8.599 1 0.0 1440.0 159.0 174.0 3.0 3.0 30.0
29 5.584 -4.842 0.279 -8.96 1 0.0 1440.0 410.0 425.0 3.0 3.0 30.0
30 5.417 -9.992 9.516 9.208 1 0.0 1440.0 61.0 76.0 3.0 3.0 30.0
31 -4.075 -3.569 0.163 8.992 1 0.0 1440.0 512.0 527.0 3.0 3.0 30.0
32 -1.738 -3.763 5.625 4.196 1 0.0 1440.0 429.0 444.0 3.0 3.0 30.0
33 0.486 -5.497 -0.22 5.644 1 0.0 1440.0 337.0 352.0 3.0 3.0 30.0
34 8.045 0.336 1.061 8.053 1 0.0 1440.0 322.0 337.0 3.0 3.0 30.0
35 4.428 -7.427 0.436 -5.236 1 0.0 1440.0 274.0 289.0 3.0 3.0 30.0
36 2.843 -2.216 5.715 -0.718 1 0.0 1440.0 176.0 191.0 3.0 3.0 30.0
37 8.216 -9.026 6.35 -9.972 1 0.0 1440.0 253.0 268.0 3.0 3.0 30.0
38 -6.197 -2.674 -1.179 -6.504 1 229.0 244.0 0.0 1440.0 3.0 3.0 30.0
39 8.567 2.394 -4.907 -4.107 1 231.0 246.0 0.0 1440.0 3.0 3.0 30.0
40 -8.456 -4.197 -4.47 -9.865 1 184.0 199.0 0.0 1440.0 3.0 3.0 30.0
