5 27 13 3 2 2 1 2 1440.0
0.0 0.0
1 2.849 -2.644 4.34 6.234 1 0.0 1440.0 308.0 323.0 3.0 3.0 30.0
2 0.441 7.066 8.615 -2.29 1 0.0 1440.0 220.0 235.0 3.0 3.0 30.0
3 -6.18 9.153 6.16 1.176 1 0.0 1440.0 305.0 320.0 3.0 3.0 30.0
4 1.692 1.008 -8.382 -1.241 1 0.0 1440.0 240.0 255.0 3.0 3.0 30.0
5 9.355 -3.708 5.856 -7.672 1 0.0 1440.0 292.0 307.0 3.0 3.0 30.0
6 -4.386 3.038 0.875 -2.74 1 0.0 1440.0 160.0 175.0 3.0 3.0 30.0
7 5.483 -2.664 9.236 -9.392 1 0.0 1440.0 94.0 109.0 3.0 3.0 30.0
8 -2.978 7.711 6.875 8.03 1 0.0 1440.0 163.0 178.0 3.0 3.0 30.0
9 3.262 0.589 8.945 -3.7 1 0.0 1440.0 175.0 190.0 3.0 3.0 30.0
10 6.087 -4.56 -8.217 -6.578 1 0.0 1440.0 95.0 110.0 3.0 3.0 30.0
11 -2.185 7.55 -8.884 -0.97 1 46.0 61.0 0.0 1440.0 3.0 3.0 30.0
12 6.019 -2.87 5.059 0.648 1 5.0 20.0 0.0 1440.0 3.0 3.0 30.0
13 -6.776 7.117 7.67 -9.065 1 329.0 344.0 0.0 1440.0 3.0 3.0 30.0
14 -7.249 3.085 -2.026 -5.759 1 27.0 42.0 0.0 1440.0 3.0 3.0 30.0
15 2.798 -9.75 7.503 -6.613 1 79.0 94.0 0.0 1440.0 3.0 3.0 30.0
16 -3.545 -4.413 9.474 1.895 1 60.0 75.0 0.0 1440.0 3.0 3.0 30.0
17 -2.022 -5.988 9.71 -4.472 1 183.0 198.0 0.0 1440.0 3.0 3.0 30.0
18 -5.958 -0.135 6.58 -8.841 1 367.0 382.0 0.0 1440.0 3.0 3.0 30.0
19 -4.436 -4.51 -6.09 8.649 1 171.0 186.0 0.0 1440.0 3.0 3.0 30.0
20 -3.205 -4.345 1.447 -2.954 1 311.0 326.0 0.0 1440.0 3.0 3.0 30.0
21 -0.541 4.308 3.501 5.046 1 113.0 128.0 0.0 1440.0 3.0 3.0 30.0
22 7.204 -4.895 -6.976 -8.783 1 179.0 194.0 0.0 1440.0 3.0 3.0 30.0
23 -7.706 7.378 -8.314 2.159 1 59.0 74.0 0.0 1440.0 3.0 3.0 30.0
24 4.894 -3.245 7.723 -9.617 1 343.0 358.0 0.0 1440.0 3.0 3.0 30.0
25 4.907 -2.18 -2.821 -9.438 1 298.0 313.0 0.0 1440.0 3.0 3.0 30.0
26 -7.346 -2.275 0.021 6.962 1 106.0 121.0 0.0 1440.0 3.0 3.0 30.0
27 6.644 -7.174 2.072 -3.256 1 204.0 219.0 0.0 1440.0 3.0 3.0 30.0
28 -4.649 -3.925 -7.676 -8.822 1 0.0 1440.0 261.0 276.0 3.0 3.0 30.0
29 -2.785 1.162 -7.319 -1.48 1 0.0 1440.0 242.0 257.0 3.0 3.0 30.0
30 5.703 -1.239 3.045 -4.028 1 0.0 1440.0 53.0 68.0 3.0 3.0 30.0
31 -2.903 -7.026 6.964 5.916 1 0.0 1440.0 450.0 465.0 3.0 3.0 30.0
32 -1.453 -8.354 -8.733 4.623 1 0.0 1440.0 96.0 111.0 3.0 3.0 30.0
33 1.976 -4.874 -8.162 -6.862 1 0.0 1440.0 262.0 277.0 3.0 3.0 30.0
34 4.55 -6.597 8.841 -6.689 1 0.0 1440.0 146.0 161.0 3.0 3.0 30.0
35 7.694 -8.784 5.158 -8.903 1 0.0 1440.0 432.0 447.0 3.0 3.0 30.0
36 -3.971 4.629 -5.083 -4.817 1 0.0 1440.0 382.0 397.0 3.0 3.0 30.0
37 -2.961 -8.51 7.385 3.331 1 0.0 1440.0 458.0 473.0 3.0 3.0 30.0
38 -3.774 -6.201 -8.453 3.356 1 256.0 271.0 0.0 1440.0 3.0 3.0 30.0
39 3.845 0.1 -2.558 7.644 1 16.0 31.0 0.0 1440.0 3.0 3.0 30.0
40 3.121 -1.908 4.167 8.226 1 323.0 338.0 0.0 1440.0 3.0 3.0 30.0
