5 34 16 3 2 2 1 2 1440.0
0.0 0.0
1 2.506 -4.793 6.175 1.63 1 0.0 1440.0 307.0 322.0 3.0 3.0 30.0
2 3.457 -0.466 -4.293 -8.162 1 0.0 1440.0 309.0 324.0 3.0 3.0 30.0
3 -1.549 4.286 -0.334 -9.848 1 0.0 1440.0 540.0 555.0 3.0 3.0 30.0
4 3.086 -9.654 0.011 -7.38 1 0.0 1440.0 364.0 379.0 3.0 3.0 30.0
5 0.127 -8.484 1.071 -5.587 1 0.0 1440.0 348.0 363.0 3.0 3.0 30.0
6 9.86 3.711 -3.966 1.213 1 0.0 1440.0 438.0 453.0 3.0 3.0 30.0
7 -4.556 5.628 -8.866 3.352 1 0.0 1440.0 484.0 499.0 3.0 3.0 30.0
8 -9.243 0.479 0.371 -7.728 1 0.0 1440.0 444.0 459.0 3.0 3.0 30.0
9 5.395 4.479 -9.143 1.023 1 0.0 1440.0 428.0 443.0 3.0 3.0 30.0
10 0.74 -4.804 9.331 8.63 1 0.0 1440.0 405.0 420.0 3.0 3.0 30.0
11 -5.229 5.693 -0.772 0.029 1 0.0 1440.0 394.0 409.0 3.0 3.0 30.0
12 4.59 -0.283 -0.074 -6.503 1 0.0 1440.0 319.0 334.0 3.0 3.0 30.0
13 -0.875 -9.46 -5.746 9.604 1 0.0 1440.0 221.0 236.0 3.0 3.0 30.0
14 5.324 -1.342 -8.693 6.141 1 0.0 1440.0 496.0 511.0 3.0 3.0 30.0
15 -7.996 7.576 1.536 6.483 1 0.0 1440.0 114.0 129.0 3.0 3.0 30.0
16 1.785 -8.111 -2.777 6.981 1 158.0 173.0 0.0 1440.0 3.0 3.0 30.0
17 5.239 5.08 -8.247 0.931 1 318.0 333.0 0.0 1440.0 3.0 3.0 30.0
18 1.877 3.273 -3.148 2.417 1 174.0 189.0 0.0 1440.0 3.0 3.0 30.0
19 9.799 -2.238 -2.259 -1.543 1 104.0 119.0 0.0 1440.0 3.0 3.0 30.0
20 -5.518 5.417 0.461 -7.942 1 187.0 202.0 0.0 1440.0 3.0 3.0 30.0
21 7.976 4.167 3.843 9.865 1 292.0 307.0 0.0 1440.0 3.0 3.0 30.0
22 -9.981 2.577 5.104 5.1 1 162.0 177.0 0.0 1440.0 3.0 3.0 30.0
23 -5.641 1.556 -6.891 -3.934 1 22.0 37.0 0.0 1440.0 3.0 3.0 30.0
24 4.143 8.102 3.646 -8.095 1 56.0 71.0 0.0 1440.0 3.0 3.0 30.0
25 -8.016 2.565 -3.613 7.401 1 228.0 243.0 0.0 1440.0 3.0 3.0 30.0
26 3.112 0.345 3.696 -4.31 1 237.0 252.0 0.0 1440.0 3.0 3.0 30.0
27 6.38 1.904 0.049 -2.063 1 435.0 450.0 0.0 1440.0 3.0 3.0 30.0
28 -5.58 6.005 4.569 -7.478 1 444.0 459.0 0.0 1440.0 3.0 3.0 30.0
29 8.108 -7.139 -5.494 0.674 1 51.0 66.0 0.0 1440.0 3.0 3.0 30.0
30 1.306 7.284 0.183 3.594 1 104.0 119.0 0.0 1440.0 3.0 3.0 30.0
31 2.525 7.555 -3.294 -7.129 1 334.0 349.0 0.0 1440.0 3.0 3.0 30.0
32 -3.65 -7.555 9.251 8.254 1 194.0 209.0 0.0 1440.0 3.0 3.0 30.0
33 8.56 5.699 0.993 2.618 1 308.0 323.0 0.0 1440.0 3.0 3.0 30.0
34 -7.537 -5.934 2.17 -4.677 1 76.0 91.0 0.0 1440.0 3.0 3.0 30.0
35 6.501 0.953 3.031 1.08 1 0.0 1440.0 115.0 130.0 3.0 3.0 30.0
36 7.094 -1.77 0.396 -1.042 1 0.0 1440.0 584.0 599.0 3.0 3.0 30.0
37 -8.379 1.354 -7.513 -1.456 1 0.0 1440.0 361.0 376.0 3.0 3.0 30.0
38 -0.08 -2.092 -8.95 5.128 1 0.0 1440.0 387.0 402.0 3.0 3.0 30.0
39 7.635 -4.289 1.629 -1.412 1 0.0 1440.0 118.0 133.0 3.0 3.0 30.0
40 -1.676 3.104 -4.318 6.554 1 0.0 1440.0 440.0 455.0 3.0 3.0 30.0
41 -1.692 -2.11 0.987 4.019 1 0.0 1440.0 573.0 588.0 3.0 3.0 30.0
42 0.598 -4.743 -7.657 -6.298 1 0.0 1440.0 555.0 570.0 3.0 3.0 30.0
43 9.897 -1.092 6.788 -9.756 1 0.0 1440.0 569.0 584.0 3.0 3.0 30.0
44 -8.298 -9.183 -7.868 5.413 1 0.0 1440.0 405.0 420.0 3.0 3.0 30.0
45 -1.991 -8.292 -4.479 7.726 1 243.0 258.0 0.0 1440.0 3.0 3.0 30.0
46 -9.425 -2.313 7.944 3.847 1 279.0 294.0 0.0 1440.0 3.0 3.0 30.0
47 9.509 -7.712 5.377 3.676 1 411.0 426.0 0.0 1440.0 3.0 3.0 30.0
48 2.739 4.059 -1.489 -9.574 1 63.0 78.0 0.0 1440.0 3.0 3.0 30.0
49 8.057 -4.012 7.038 4.062 1 528.0 543.0 0.0 1440.0 3.0 3.0 30.0
50 -4.028 3.026 6.629 -6.744 1 276.0 291.0 0.0 1440.0 3.0 3.0 30.0
