5 40 20 3 2 2 1 2 1440.0
0.0 0.0
1 -1.294 -9.755 -6.817 3.288 1 0.0 1440.0 200.0 215.0 3.0 3.0 30.0
2 8.161 -9.94 4.8 -4.668 1 0.0 1440.0 420.0 435.0 3.0 3.0 30.0
3 6.076 -8.525 -4.627 -8.667 1 0.0 1440.0 563.0 578.0 3.0 3.0 30.0
4 0.984 -3.537 -0.162 1.044 1 0.0 1440.0 545.0 560.0 3.0 3.0 30.0
5 7.843 -9.457 -2.88 9.319 1 0.0 1440.0 323.0 338.0 3.0 3.0 30.0
6 6.264 -9.162 -6.782 -7.928 1 0.0 1440.0 278.0 293.0 3.0 3.0 30.0
7 2.052 9.663 6.28 -3.551 1 0.0 1440.0 399.0 414.0 3.0 3.0 30.0
8 9.23 1.023 6.693 9.772 1 0.0 1440.0 573.0 588.0 3.0 3.0 30.0
9 -3.682 4.389 2.366 -4.019 1 0.0 1440.0 665.0 680.0 3.0 3.0 30.0
10 -4.877 -5.638 1.507 -9.235 1 0.0 1440.0 148.0 163.0 3.0 3.0 30.0
11 -7.878 -4.318 8.532 -7.155 1 0.0 1440.0 58.0 73.0 3.0 3.0 30.0
12 9.905 3.267 5.232 -6.034 1 0.0 1440.0 509.0 524.0 3.0 3.0 30.0
13 7.171 0.775 -6.804 -1.806 1 0.0 1440.0 142.0 157.0 3.0 3.0 30.0
14 -3.213 9.004 -2.33 -3.983 1 0.0 1440.0 308.0 323.0 3.0 3.0 30.0
15 7.112 -9.65 2.334 1.501 1 0.0 1440.0 649.0 664.0 3.0 3.0 30.0
16 9.165 -0.178 6.624 -6.473 1 0.0 1440.0 618.0 633.0 3.0 3.0 30.0
17 2.958 5.92 -4.35 8.64 1 0.0 1440.0 325.0 340.0 3.0 3.0 30.0
18 7.808 -4.294 -3.235 -1.418 1 0.0 1440.0 538.0 553.0 3.0 3.0 30.0
19 -1.326 -7.371 5.369 -2.322 1 0.0 1440.0 90.0 105.0 3.0 3.0 30.0
20 0.613 3.72 -5.21 0.963 1 537.0 552.0 0.0 1440.0 3.0 3.0 30.0
21 2.035 2.915 0.128 -8.143 1 450.0 465.0 0.0 1440.0 3.0 3.0 30.0
22 0.303 9.305 4.814 -3.777 1 443.0 458.0 0.0 1440.0 3.0 3.0 30.0
23 -2.2 1.999 -7.45 1.526 1 400.0 415.0 0.0 1440.0 3.0 3.0 30.0
24 3.869 3.286 -1.111 6.498 1 546.0 561.0 0.0 1440.0 3.0 3.0 30.0
25 4.672 -8.643 -2.889 -1.608 1 596.0 611.0 0.0 1440.0 3.0 3.0 30.0
26 -8.142 7.098 -9.134 -8.836 1 233.0 248.0 0.0 1440.0 3.0 3.0 30.0
27 0.552 -0.36 -1.036 -7.449 1 16.0 31.0 0.0 1440.0 3.0 3.0 30.0
28 -2.259 -3.836 4.565 -8.973 1 365.0 380.0 0.0 1440.0 3.0 3.0 30.0
29 -7.269 8.174 5.698 -5.911 1 134.0 149.0 0.0 1440.0 3.0 3.0 30.0
30 -3.2 3.167 -3.691 -6.102 1 246.0 261.0 0.0 1440.0 3.0 3.0 30.0
31 -9.743 6.436 4.45 -0.104 1 561.0 576.0 0.0 1440.0 3.0 3.0 30.0
32 8.005 1.216 -9.769 6.179 1 142.0 157.0 0.0 1440.0 3.0 3.0 30.0
33 5.306 -3.943 2.427 9.823 1 556.0 571.0 0.0 1440.0 3.0 3.0 30.0
34 8.358 -6.813 -3.377 1.525 1 347.0 362.0 0.0 1440.0 3.0 3.0 30.0
35 -8.028 3.36 -5.978 6.033 1 355.0 370.0 0.0 1440.0 3.0 3.0 30.0
36 -4.263 -4.736 -2.632 2.678 1 160.0 175.0 0.0 1440.0 3.0 3.0 30.0
37 -9.218 -4.901 0.683 1.999 1 226.0 241.0 0.0 1440.0 3.0 3.0 30.0
38 -0.582 9.29 -2.695 5.476 1 235.0 250.0 0.0 1440.0 3.0 3.0 30.0
39 8.819 -8.866 1.217 2.179 1 239.0 254.0 0.0 1440.0 3.0 3.0 30.0
40 1.907 4.618 7.916 7.171 1 349.0 364.0 0.0 1440.0 3.0 3.0 30.0
41 0.454 3.113 -9.76 7.218 1 0.0 1440.0 203.0 218.0 3.0 3.0 30.0
42 0.751 -9.24 -8.017 -1.299 1 0.0 1440.0 271.0 286.0 3.0 3.0 30.0
43 -6.1 -4.192 2.385 -6.131 1 0.0 1440.0 415.0 430.0 3.0 3.0 30.0
44 4.209 4.397 2.575 4.454 1 0.0 1440.0 238.0 253.0 3.0 3.0 30.0
45 9.099 -3.897 -5.092 2.212 1 0.0 1440.0 115.0 130.0 3.0 3.0 30.0
46 0.917 -5.892 -7.037 1.677 1 0.0 1440.0 429.0 444.0 3.0 3.0 30.0
47 -4.474 5.642 -4.452 1.629 1 0.0 1440.0 631.0 646.0 3.0 3.0 30.0
48 7.767 -9.277 -7.454 -8.124 1 0.0 1440.0 514.0 529.0 3.0 3.0 30.0
49 2.387 -5.939 2.86 8.85 1 0.0 1440.0 173.0 188.0 3.0 3.0 30.0
50 9.476 9.23 6.036 -9.686 1 0.0 1440.0 642.0 657.0 3.0 3.0 30.0
51 6.328 -6.274 8.545 -0.405 1 0.0 1440.0 127.0 142.0 3.0 3.0 30.0
52 4.509 8.91 -0.666 -9.785 1 591.0 606.0 0.0 1440.0 3.0 3.0 30.0
53 7.649 -1.798 -9.573 0.563 1 75.0 90.0 0.0 1440.0 3.0 3.0 30.0
54 -8.215 -0.176 7.06 -9.305 1 570.0 585.0 0.0 1440.0 3.0 3.0 30.0
55 6.248 -5.483 -8.263 -5.549 1 405.0 420.0 0.0 1440.0 3.0 3.0 30.0
56 6.926 4.061 1.681 -3.25 1 408.0 423.0 0.0 1440.0 3.0 3.0 30.0
57 1.336 -3.058 4.491 7.5 1 512.0 527.0 0.0 1440.0 3.0 3.0 30.0
58 0.66 -5.028 1.782 -2.904 1 55.0 70.0 0.0 1440.0 3.0 3.0 30.0
59 6.168 3.752 3.834 9.356 1 176.0 191.0 0.0 1440.0 3.0 3.0 30.0
60 -5.727 7.141 0.016 -0.755 1 564.0 579.0 0.0 1440.0 3.0 3.0 30.0
