6 32 16 3 2 2 1 3 1 1440.0
0.0 0.0
1 -1.911 3.957 -2.412 -1.821 1 0.0 1440.0 98.0 113.0 3.0 3.0 30.0
2 2.371 -0.729 1.126 -0.928 1 0.0 1440.0 361.0 376.0 3.0 3.0 30.0
3 -7.51 1.432 0.196 -1.021 1 0.0 1440.0 104.0 119.0 3.0 3.0 30.0
4 -5.584 4.27 -0.067 3.687 1 0.0 1440.0 444.0 459.0 3.0 3.0 30.0
5 -0.648 -0.798 6.177 -9.215 1 0.0 1440.0 153.0 168.0 3.0 3.0 30.0
6 2.016 1.949 -8.37 -6.871 1 0.0 1440.0 148.0 163.0 3.0 3.0 30.0
7 -5.789 6.341 1.81 -5.938 1 0.0 1440.0 348.0 363.0 3.0 3.0 30.0
8 3.248 -6.768 -1.209 -7.55 1 0.0 1440.0 246.0 261.0 3.0 3.0 30.0
9 6.147 -0.595 -5.453 2.488 1 0.0 1440.0 225.0 240.0 3.0 3.0 30.0
10 -6.147 5.047 -1.591 -7.256 1 0.0 1440.0 364.0 379.0 3.0 3.0 30.0
11 -4.158 -8.027 -1.156 -2.133 1 0.0 1440.0 418.0 433.0 3.0 3.0 30.0
12 -3.718 1.164 3.036 -9.475 1 0.0 1440.0 306.0 321.0 3.0 3.0 30.0
13 8.219 -8.733 3.773 -8.549 1 0.0 1440.0 385.0 400.0 3.0 3.0 30.0
14 0.842 0.688 -0.161 -7.952 1 0.0 1440.0 258.0 273.0 3.0 3.0 30.0
15 -1.717 4.723 8.195 7.687 1 224.0 239.0 0.0 1440.0 3.0 3.0 30.0
16 -6.668 9.091 -8.46 8.378 1 89.0 104.0 0.0 1440.0 3.0 3.0 30.0
17 4.317 3.129 -5.78 6.29 1 253.0 268.0 0.0 1440.0 3.0 3.0 30.0
18 7.598 6.871 -9.692 8.865 1 36.0 51.0 0.0 1440.0 3.0 3.0 30.0
19 3.094 1.598 -0.293 -6.218 1 246.0 261.0 0.0 1440.0 3.0 3.0 30.0
20 -8.227 -0.05 2.065 6.496 1 204.0 219.0 0.0 1440.0 3.0 3.0 30.0
21 -9.368 1.293 9.827 9.723 1 382.0 397.0 0.0 1440.0 3.0 3.0 30.0
22 5.577 -7.574 4.04 -1.293 1 216.0 231.0 0.0 1440.0 3.0 3.0 30.0
23 4.513 2.904 9.632 9.636 1 36.0 51.0 0.0 1440.0 3.0 3.0 30.0
24 -6.212 -4.193 -4.033 5.386 1 204.0 219.0 0.0 1440.0 3.0 3.0 30.0
25 7.562 -8.187 7.159 -2.488 1 286.0 301.0 0.0 1440.0 3.0 3.0 30.0
26 2.239 -3.226 -1.374 -4.858 1 173.0 188.0 0.0 1440.0 3.0 3.0 30.0
27 -8.404 9.983 4.312 -2.598 1 203.0 218.0 0.0 1440.0 3.0 3.0 30.0
28 -0.268 -3.142 -5.036 1.546 1 261.0 276.0 0.0 1440.0 3.0 3.0 30.0
29 -9.488 -9.38 -6.889 3.995 1 125.0 140.0 0.0 1440.0 3.0 3.0 30.0
30 -1.513 -5.595 -4.318 0.395 1 415.0 430.0 0.0 1440.0 3.0 3.0 30.0
31 6.684 -1.081 -3.184 -7.819 1 364.0 379.0 0.0 1440.0 3.0 3.0 30.0
32 -7.064 1.653 -6.224 -7.081 1 234.0 249.0 0.0 1440.0 3.0 3.0 30.0
33 -8.195 -8.019 1.317 -7.234 1 0.0 1440.0 234.0 249.0 3.0 3.0 30.0
34 -3.127 7.633 5.643 1.913 1 0.0 1440.0 77.0 92.0 3.0 3.0 30.0
35 -9.155 1.114 -3.207 -6.689 1 0.0 1440.0 302.0 317.0 3.0 3.0 30.0
36 -1.319 9.851 1.4 -7.362 1 0.0 1440.0 456.0 471.0 3.0 3.0 30.0
37 -7.624 0.897 -5.557 -5.643 1 0.0 1440.0 196.0 211.0 3.0 3.0 30.0
38 9.929 -7.148 1.231 7.562 1 0.0 1440.0 111.0 126.0 3.0 3.0 30.0
39 5.921 8.891 -3.562 -3.182 1 0.0 1440.0 271.0 286.0 3.0 3.0 30.0
40 -3.9 -7.975 -3.253 -1.048 1 0.0 1440.0 135.0 150.0 3.0 3.0 30.0
41 -4.831 4.243 3.368 9.439 1 0.0 1440.0 193.0 208.0 3.0 3.0 30.0
42 -1.612 1.206 4.465 -9.664 1 0.0 1440.0 414.0 429.0 3.0 3.0 30.0
43 0.925 -4.877 -7.427 -7.911 1 65.0 80.0 0.0 1440.0 3.0 3.0 30.0
44 6.002 -7.971 7.234 2.873 1 338.0 353.0 0.0 1440.0 3.0 3.0 30.0
45 1.566 3.482 -1.856 -7.142 1 165.0 180.0 0.0 1440.0 3.0 3.0 30.0
46 1.688 -8.092 8.435 4.114 1 149.0 164.0 0.0 1440.0 3.0 3.0 30.0
47 -1.505 -4.504 -8.856 0.524 1 294.0 309.0 0.0 1440.0 3.0 3.0 30.0
48 1.547 -1.578 -7.367 8.321 1 163.0 178.0 0.0 1440.0 3.0 3.0 30.0
