6 40 20 3 2 2 1 3 1 1440.0
0.0 0.0
1 8.567 1.033 1.055 -7.425 1 0.0 1440.0 174.0 189.0 3.0 3.0 30.0
2 5.322 0.202 -2.665 0.13 1 0.0 1440.0 125.0 140.0 3.0 3.0 30.0
3 -7.188 -3.473 -2.122 -5.231 1 0.0 1440.0 291.0 306.0 3.0 3.0 30.0
4 -4.583 -2.602 -7.982 5.619 1 0.0 1440.0 373.0 388.0 3.0 3.0 30.0
5 0.378 -9.974 8.431 6.905 1 0.0 1440.0 131.0 146.0 3.0 3.0 30.0
6 -0.832 8.001 8.955 2.278 1 0.0 1440.0 72.0 87.0 3.0 3.0 30.0
7 1.964 -8.387 -0.446 6.982 1 0.0 1440.0 527.0 542.0 3.0 3.0 30.0
8 -7.67 -8.574 6.745 -7.644 1 0.0 1440.0 413.0 428.0 3.0 3.0 30.0
9 3.606 3.356 4.591 5.218 1 0.0 1440.0 357.0 372.0 3.0 3.0 30.0
10 1.219 8.36 -9.982 -8.1 1 0.0 1440.0 69.0 84.0 3.0 3.0 30.0
11 -9.195 -7.642 6.425 9.711 1 0.0 1440.0 541.0 556.0 3.0 3.0 30.0
12 0.522 -4.241 8.68 -9.296 1 0.0 1440.0 181.0 196.0 3.0 3.0 30.0
13 -1.246 -8.208 -6.965 0.18 1 0.0 1440.0 190.0 205.0 3.0 3.0 30.0
14 5.442 6.916 4.806 -1.953 1 0.0 1440.0 515.0 530.0 3.0 3.0 30.0
15 -9.282 2.025 -8.347 4.074 1 0.0 1440.0 500.0 515.0 3.0 3.0 30.0
16 -6.402 6.889 -4.707 -8.042 1 0.0 1440.0 239.0 254.0 3.0 3.0 30.0
17 7.78 -6.382 -7.237 -9.862 1 0.0 1440.0 111.0 126.0 3.0 3.0 30.0
18 -3.799 4.399 6.515 -2.007 1 0.0 1440.0 225.0 240.0 3.0 3.0 30.0
19 9.79 -8.499 -6.565 6.706 1 0.0 1440.0 355.0 370.0 3.0 3.0 30.0
20 8.935 3.135 7.424 0.959 1 310.0 325.0 0.0 1440.0 3.0 3.0 30.0
21 0.007 6.792 4.557 -3.104 1 445.0 460.0 0.0 1440.0 3.0 3.0 30.0
22 -6.015 9.278 -5.324 -2.397 1 129.0 144.0 0.0 1440.0 3.0 3.0 30.0
23 -8.248 5.474 -0.396 -7.094 1 468.0 483.0 0.0 1440.0 3.0 3.0 30.0
24 -9.426 -9.465 -8.973 -7.925 1 478.0 493.0 0.0 1440.0 3.0 3.0 30.0
25 2.018 5.157 -8.99 -4.847 1 323.0 338.0 0.0 1440.0 3.0 3.0 30.0
26 -6.959 -3.268 -2.567 -7.681 1 405.0 420.0 0.0 1440.0 3.0 3.0 30.0
27 1.546 -5.36 -5.929 -2.981 1 188.0 203.0 0.0 1440.0 3.0 3.0 30.0
28 3.185 6.122 6.458 3.721 1 500.0 515.0 0.0 1440.0 3.0 3.0 30.0
29 3.855 9.544 -4.262 -0.988 1 294.0 309.0 0.0 1440.0 3.0 3.0 30.0
30 -1.892 -3.451 -8.92 4.84 1 91.0 106.0 0.0 1440.0 3.0 3.0 30.0
31 -8.415 -2.53 -3.614 -3.775 1 361.0 376.0 0.0 1440.0 3.0 3.0 30.0
32 9.106 -6.824 2.332 8.65 1 36.0 51.0 0.0 1440.0 3.0 3.0 30.0
33 4.067 7.013 0.163 -9.881 1 221.0 236.0 0.0 1440.0 3.0 3.0 30.0
34 6.129 -0.718 -1.773 -7.321 1 82.0 97.0 0.0 1440.0 3.0 3.0 30.0
35 -7.143 8.719 4.597 0.119 1 138.0 153.0 0.0 1440.0 3.0 3.0 30.0
36 -7.168 -1.154 2.475 -6.595 1 295.0 310.0 0.0 1440.0 3.0 3.0 30.0
37 -3.717 -6.716 -7.489 -0.541 1 31.0 46.0 0.0 1440.0 3.0 3.0 30.0
38 -5.371 1.325 -6.473 -8.358 1 98.0 113.0 0.0 1440.0 3.0 3.0 30.0
39 5.202 6.238 -2.75 3.921 1 468.0 483.0 0.0 1440.0 3.0 3.0 30.0
40 -8.633 -0.156 6.753 0.213 1 4.0 19.0 0.0 1440.0 3.0 3.0 30.0
41 -5.491 -4.147 2.886 1.026 1 0.0 1440.0 167.0 182.0 3.0 3.0 30.0
42 -9.197 -3.9 -6.41 -6.398 1 0.0 1440.0 530.0 545.0 3.0 3.0 30.0
43 -7.95 -6.891 4.801 -7.954 1 0.0 1440.0 421.0 436.0 3.0 3.0 30.0
44 7.276 -4.982 -9.388 -1.691 1 0.0 1440.0 131.0 146.0 3.0 3.0 30.0
45 -0.195 6.073 2.818 5.658 1 0.0 1440.0 148.0 163.0 3.0 3.0 30.0
46 -9.404 -2.566 6.461 -3.304 1 0.0 1440.0 46.0 61.0 3.0 3.0 30.0
47 -5.2 0.681 -3.213 -9.128 1 0.0 1440.0 111.0 126.0 3.0 3.0 30.0
48 4.525 8.906 -8.532 -8.041 1 0.0 1440.0 265.0 280.0 3.0 3.0 30.0
49 8.969 0.182 -2.624 -3.633 1 0.0 1440.0 125.0 140.0 3.0 3.0 30.0
50 -5.374 2.605 1.525 -7.373 1 0.0 1440.0 147.0 162.0 3.0 3.0 30.0
51 -7.999 -8.846 0.66 -2.239 1 0.0 1440.0 351.0 366.0 3.0 3.0 30.0
52 -3.162 3.879 -0.893 -8.763 1 461.0 476.0 0.0 1440.0 3.0 3.0 30.0
53 -3.344 -3.474 5.16 -6.552 1 55.0 70.0 0.0 1440.0 3.0 3.0 30.0
54 -7.995 6.085 3.857 5.884 1 407.0 422.0 0.0 1440.0 3.0 3.0 30.0
55 1.513 -3.948 5.668 8.039 1 516.0 531.0 0.0 1440.0 3.0 3.0 30.0
56 4.447 -2.738 -1.77 0.532 1 111.0 126.0 0.0 1440.0 3.0 3.0 30.0
57 -7.644 -9.428 -6.283 8.477 1 470.0 485.0 0.0 1440.0 3.0 3.0 30.0
58 2.681 -0.547 -5.736 -9.85 1 283.0 298.0 0.0 1440.0 3.0 3.0 30.0
59 9.527 1.873 7.771 -1.191 1 12.0 27.0 0.0 1440.0 3.0 3.0 30.0
60 4.94 -5.287 -8.51 -5.607 1 44.0 59.0 0.0 1440.0 3.0 3.0 30.0
