6 48 24 3 3 1 2 2 1 1440.0
0.0 0.0
1 0.426 -6.097 1.492 -8.579 1 0.0 1440.0 122.0 137.0 3.0 3.0 30.0
2 -2.657 5.529 -8.669 -9.13 1 0.0 1440.0 613.0 628.0 3.0 3.0 30.0
3 6.718 -7.937 -5.988 -9.38 1 0.0 1440.0 224.0 239.0 3.0 3.0 30.0
4 -5.588 1.074 -9.827 0.568 1 0.0 1440.0 540.0 555.0 3.0 3.0 30.0
5 -5.608 3.608 -5.411 6.942 1 0.0 1440.0 566.0 581.0 3.0 3.0 30.0
6 8.681 -5.104 -1.457 8.67 1 0.0 1440.0 189.0 204.0 3.0 3.0 30.0
7 -7.069 -4.292 -3.987 8.46 1 0.0 1440.0 272.0 287.0 3.0 3.0 30.0
8 0.92 -2.481 7.339 5.816 1 0.0 1440.0 573.0 588.0 3.0 3.0 30.0
9 1.896 -7.978 8.748 7.605 1 0.0 1440.0 612.0 627.0 3.0 3.0 30.0
10 7.869 -7.717 -4.691 9.004 1 0.0 1440.0 73.0 88.0 3.0 3.0 30.0
11 2.137 -9.177 -4.428 -7.836 1 0.0 1440.0 151.0 166.0 3.0 3.0 30.0
12 1.354 -4.753 -2.786 -3.526 1 0.0 1440.0 238.0 253.0 3.0 3.0 30.0
13 -5.777 -6.789 7.394 1.742 1 0.0 1440.0 480.0 495.0 3.0 3.0 30.0
14 9.22 1.958 -6.361 -8.758 1 0.0 1440.0 86.0 101.0 3.0 3.0 30.0
15 -0.834 -8.223 0.148 -0.088 1 0.0 1440.0 109.0 124.0 3.0 3.0 30.0
16 4.826 -2.721 -2.219 7.109 1 0.0 1440.0 268.0 283.0 3.0 3.0 30.0
17 -1.861 2.356 -0.753 -1.038 1 0.0 1440.0 421.0 436.0 3.0 3.0 30.0
18 -5.502 -5.817 -4.96 -2.291 1 0.0 1440.0 598.0 613.0 3.0 3.0 30.0
19 -8.336 8.319 8.518 -6.559 1 0.0 1440.0 323.0 338.0 3.0 3.0 30.0
20 -9.712 6.21 8.267 -2.433 1 0.0 1440.0 552.0 567.0 3.0 3.0 30.0
21 1.772 6.777 9.157 5.955 1 0.0 1440.0 271.0 286.0 3.0 3.0 30.0
22 -0.352 7.35 -9.426 -4.142 1 268.0 283.0 0.0 1440.0 3.0 3.0 30.0
23 2.726 -6.153 -1.147 7.349 1 138.0 153.0 0.0 1440.0 3.0 3.0 30.0
24 -3.138 -2.801 -4.73 -6.361 1 40.0 55.0 0.0 1440.0 3.0 3.0 30.0
25 4.065 4.574 7.197 -2.14 1 368.0 383.0 0.0 1440.0 3.0 3.0 30.0
26 -4.098 0.686 -1.859 -6.748 1 461.0 476.0 0.0 1440.0 3.0 3.0 30.0
27 8.827 -7.147 5.979 -7.326 1 439.0 454.0 0.0 1440.0 3.0 3.0 30.0
28 1.182 -0.12 6.018 -4.244 1 127.0 142.0 0.0 1440.0 3.0 3.0 30.0
29 -8.944 3.706 -6.969 -2.125 1 50.0 65.0 0.0 1440.0 3.0 3.0 30.0
30 -6.182 -0.335 3.777 4.503 1 561.0 576.0 0.0 1440.0 3.0 3.0 30.0
31 -6.335 3.009 3.33 -3.482 1 528.0 543.0 0.0 1440.0 3.0 3.0 30.0
32 -3.663 -2.807 3.574 3.048 1 519.0 534.0 0.0 1440.0 3.0 3.0 30.0
33 1.879 -5.2 -2.198 -8.164 1 321.0 336.0 0.0 1440.0 3.0 3.0 30.0
34 7.482 -4.227 3.017 -2.638 1 619.0 634.0 0.0 1440.0 3.0 3.0 30.0
35 -0.348 -8.196 -1.581 -6.642 1 537.0 552.0 0.0 1440.0 3.0 3.0 30.0
36 -2.899 5.009 6.659 -9.89 1 104.0 119.0 0.0 1440.0 3.0 3.0 30.0
37 1.012 6.75 -3.553 8.205 1 643.0 658.0 0.0 1440.0 3.0 3.0 30.0
38 2.506 -2.703 0.084 7.306 1 393.0 408.0 0.0 1440.0 3.0 3.0 30.0
39 7.052 -5.063 4.788 -7.175 1 70.0 85.0 0.0 1440.0 3.0 3.0 30.0
40 -6.289 0.569 2.477 -4.485 1 522.0 537.0 0.0 1440.0 3.0 3.0 30.0
41 -3.137 -6.99 -1.157 6.934 1 60.0 75.0 0.0 1440.0 3.0 3.0 30.0
42 -8.329 0.592 0.71 8.421 1 294.0 309.0 0.0 1440.0 3.0 3.0 30.0
43 0.087 8.999 0.928 7.384 1 271.0 286.0 0.0 1440.0 3.0 3.0 30.0
44 0.919 -6.978 4.436 5.857 1 569.0 584.0 0.0 1440.0 3.0 3.0 30.0
45 -4.426 3.925 -7.395 -1.416 1 644.0 659.0 0.0 1440.0 3.0 3.0 30.0
46 5.761 -6.425 3.273 4.256 1 428.0 443.0 0.0 1440.0 3.0 3.0 30.0
47 -2.28 -6.319 5.928 8.312 1 473.0 488.0 0.0 1440.0 3.0 3.0 30.0
48 3.511 -9.781 -7.485 6.533 1 606.0 621.0 0.0 1440.0 3.0 3.0 30.0
49 9.553 -3.843 -4.359 4.85 1 0.0 1440.0 484.0 499.0 3.0 3.0 30.0
50 4.021 2.55 8.585 1.21 1 0.0 1440.0 212.0 227.0 3.0 3.0 30.0
51 1.6 9.989 -0.903 5.835 1 0.0 1440.0 640.0 655.0 3.0 3.0 30.0
52 -4.923 -0.412 6.033 3.586 1 0.0 1440.0 393.0 408.0 3.0 3.0 30.0
53 -7.072 -7.084 -6.463 2.516 1 0.0 1440.0 610.0 625.0 3.0 3.0 30.0
54 3.488 -8.865 -0.766 5.551 1 0.0 1440.0 370.0 385.0 3.0 3.0 30.0
55 -3.432 0.027 9.963 7.641 1 0.0 1440.0 392.0 407.0 3.0 3.0 30.0
56 -4.95 5.12 -7.966 8.658 1 0.0 1440.0 671.0 686.0 3.0 3.0 30.0
57 -1.095 -9.255 -9.467 1.822 1 0.0 1440.0 475.0 490.0 3.0 3.0 30.0
58 5.57 8.625 -9.685 -9.184 1 0.0 1440.0 269.0 284.0 3.0 3.0 30.0
59 7.394 -9.58 -3.071 -0.648 1 0.0 1440.0 314.0 329.0 3.0 3.0 30.0
60 -7.005 -5.377 5.706 5.351 1 0.0 1440.0 199.0 214.0 3.0 3.0 30.0
61 6.034 -5.017 0.921 4.659 1 0.0 1440.0 432.0 447.0 3.0 3.0 30.0
62 3.559 3.795 3.349 3.979 1 0.0 1440.0 134.0 149.0 3.0 3.0 30.0
63 -8.034 -8.781 5.643 -9.715 1 0.0 1440.0 674.0 689.0 3.0 3.0 30.0
64 -1.485 5.125 3.383 3.498 1 265.0 280.0 0.0 1440.0 3.0 3.0 30.0
65 7.275 -3.181 -0.173 8.493 1 333.0 348.0 0.0 1440.0 3.0 3.0 30.0
66 -2.943 -3.289 1.189 -7.818 1 154.0 169.0 0.0 1440.0 3.0 3.0 30.0
67 4.754 -0.043 -0.956 -8.047 1 418.0 433.0 0.0 1440.0 3.0 3.0 30.0
68 -6.672 0.071 -2.825 2.994 1 55.0 70.0 0.0 1440.0 3.0 3.0 30.0
69 -5.311 8.495 -5.965 9.698 1 136.0 151.0 0.0 1440.0 3.0 3.0 30.0
70 -4.827 -0.261 9.567 5.742 1 167.0 182.0 0.0 1440.0 3.0 3.0 30.0
71 2.597 -4.723 -1.601 1.596 1 190.0 205.0 0.0 1440.0 3.0 3.0 30.0
72 7.48 7.939 -8.294 -2.781 1 575.0 590.0 0.0 1440.0 3.0 3.0 30.0
