7 38 18 3 2 2 1 2 3 1 1440.0
0.0 0.0
1 8.163 -9.704 -1.066 6.397 1 0.0 1440.0 342.0 357.0 3.0 3.0 30.0
2 5.465 -6.474 6.932 2.876 1 0.0 1440.0 328.0 343.0 3.0 3.0 30.0
3 -3.826 8.202 -9.47 -0.314 1 0.0 1440.0 131.0 146.0 3.0 3.0 30.0
4 -8.851 -8.894 -3.867 -5.325 1 0.0 1440.0 444.0 459.0 3.0 3.0 30.0
5 4.584 9.539 0.849 2.785 1 0.0 1440.0 56.0 71.0 3.0 3.0 30.0
6 -6.342 -9.223 -5.983 4.325 1 0.0 1440.0 453.0 468.0 3.0 3.0 30.0
7 6.246 3.097 1.869 -9.351 1 0.0 1440.0 248.0 263.0 3.0 3.0 30.0
8 -6.886 9.312 9.202 -9.148 1 0.0 1440.0 207.0 222.0 3.0 3.0 30.0
9 -3.404 -8.751 -4.328 -3.865 1 0.0 1440.0 432.0 447.0 3.0 3.0 30.0
10 -8.05 5.987 8.806 5.047 1 0.0 1440.0 453.0 468.0 3.0 3.0 30.0
11 -4.305 8.657 8.161 -4.993 1 0.0 1440.0 444.0 459.0 3.0 3.0 30.0
12 -3.604 -0.2 -0.145 2.204 1 0.0 1440.0 348.0 363.0 3.0 3.0 30.0
13 1.254 -9.845 -7.813 8.841 1 0.0 1440.0 323.0 338.0 3.0 3.0 30.0
14 0.555 8.948 -4.564 1.804 1 0.0 1440.0 287.0 302.0 3.0 3.0 30.0
15 7.406 -8.636 3.589 9.881 1 0.0 1440.0 384.0 399.0 3.0 3.0 30.0
16 -4.518 4.956 -8.169 -8.531 1 0.0 1440.0 399.0 414.0 3.0 3.0 30.0
17 4.411 5.039 -2.836 3.068 1 0.0 1440.0 300.0 315.0 3.0 3.0 30.0
18 4.052 -7.975 9.464 -6.148 1 0.0 1440.0 290.0 305.0 3.0 3.0 30.0
19 -2.87 9.383 -2.834 -3.921 1 398.0 413.0 0.0 1440.0 3.0 3.0 30.0
20 0.954 2.559 -6.515 2.318 1 70.0 85.0 0.0 1440.0 3.0 3.0 30.0
21 -1.292 -4.804 7.8 -6.336 1 404.0 419.0 0.0 1440.0 3.0 3.0 30.0
22 -7.926 -3.568 8.075 7.113 1 233.0 248.0 0.0 1440.0 3.0 3.0 30.0
23 8.603 0.606 1.165 -9.372 1 315.0 330.0 0.0 1440.0 3.0 3.0 30.0
24 -7.726 0.123 7.084 6.128 1 287.0 302.0 0.0 1440.0 3.0 3.0 30.0
25 9.831 2.822 4.406 2.39 1 141.0 156.0 0.0 1440.0 3.0 3.0 30.0
26 6.187 -5.477 -8.901 -8.617 1 100.0 115.0 0.0 1440.0 3.0 3.0 30.0
27 3.98 1.734 -1.174 -5.414 1 198.0 213.0 0.0 1440.0 3.0 3.0 30.0
28 -3.249 -3.462 -3.141 6.874 1 62.0 77.0 0.0 1440.0 3.0 3.0 30.0
29 5.584 8.8 -9.075 -1.595 1 279.0 294.0 0.0 1440.0 3.0 3.0 30.0
30 -4.476 4.414 -5.408 0.047 1 125.0 140.0 0.0 1440.0 3.0 3.0 30.0
31 0.002 2.889 5.993 -8.264 1 12.0 27.0 0.0 1440.0 3.0 3.0 30.0
32 0.426 -3.696 -0.886 6.673 1 214.0 229.0 0.0 1440.0 3.0 3.0 30.0
33 -5.553 -4.746 5.023 8.861 1 106.0 121.0 0.0 1440.0 3.0 3.0 30.0
34 1.23 8.908 8.037 -9.338 1 1.0 16.0 0.0 1440.0 3.0 3.0 30.0
35 -7.029 6.044 0.664 5.86 1 260.0 275.0 0.0 1440.0 3.0 3.0 30.0
36 6.623 -9.112 8.203 -5.938 1 148.0 163.0 0.0 1440.0 3.0 3.0 30.0
37 -5.922 -2.227 -8.016 -0.668 1 17.0 32.0 0.0 1440.0 3.0 3.0 30.0
38 2.842 8.882 -9.438 1.75 1 25.0 40.0 0.0 1440.0 3.0 3.0 30.0
39 1.764 -0.016 -2.28 5.932 1 0.0 1440.0 301.0 316.0 3.0 3.0 30.0
40 -0.468 -9.267 4.192 -3.895 1 0.0 1440.0 74.0 89.0 3.0 3.0 30.0
41 1.232 0.667 -9.758 5.458 1 0.0 1440.0 369.0 384.0 3.0 3.0 30.0
42 7.544 -5.597 3.621 7.84 1 0.0 1440.0 255.0 270.0 3.0 3.0 30.0
43 8.553 7.738 -0.396 -1.463 1 0.0 1440.0 161.0 176.0 3.0 3.0 30.0
44 -0.066 9.728 8.069 0.668 1 0.0 1440.0 132.0 147.0 3.0 3.0 30.0
45 -5.152 -4.192 0.786 -5.424 1 0.0 1440.0 75.0 90.0 3.0 3.0 30.0
46 -0.017 -2.413 -4.275 1.089 1 0.0 1440.0 263.0 278.0 3.0 3.0 30.0
47 -8.216 -7.525 -0.207 -7.439 1 0.0 1440.0 131.0 146.0 3.0 3.0 30.0
48 6.456 3.855 5.106 6.611 1 0.0 1440.0 337.0 352.0 3.0 3.0 30.0
49 -5.931 -9.139 -6.741 -6.548 1 196.0 211.0 0.0 1440.0 3.0 3.0 30.0
50 -6.208 -7.163 -6.543 0.224 1 11.0 26.0 0.0 1440.0 3.0 3.0 30.0
51 -9.767 -3.754 -9.057 -8.907 1 92.0 107.0 0.0 1440.0 3.0 3.0 30.0
52 9.176 -0.568 3.839 -7.986 1 85.0 100.0 0.0 1440.0 3.0 3.0 30.0
53 -7.657 -2.562 -1.513 -1.119 1 112.0 127.0 0.0 1440.0 3.0 3.0 30.0
54 0.699 1.132 2.256 -0.501 1 13.0 28.0 0.0 1440.0 3.0 3.0 30.0
55 -3.751 6.198 4.488 2.552 1 234.0 249.0 0.0 1440.0 3.0 3.0 30.0
56 -3.595 -6.584 -6.749 7.537 1 267.0 282.0 0.0 1440.0 3.0 3.0 30.0
