7 47 23 2 3 1 2 2 3 1 1440.0
0.0 0.0
1 -9.892 3.289 9.461 5.349 1 0.0 1440.0 94.0 109.0 3.0 3.0 30.0
2 -8.964 -2.503 -5.671 -3.827 1 0.0 1440.0 115.0 130.0 3.0 3.0 30.0
3 7.594 2.068 7.53 0.883 1 0.0 1440.0 392.0 407.0 3.0 3.0 30.0
4 3.886 -6.516 7.836 4.298 1 0.0 1440.0 524.0 539.0 3.0 3.0 30.0
5 -5.366 7.156 7.195 -7.991 1 0.0 1440.0 74.0 89.0 3.0 3.0 30.0
6 5.906 -0.019 -6.014 9.5 1 0.0 1440.0 392.0 407.0 3.0 3.0 30.0
7 -1.241 7.181 -9.464 6.256 1 0.0 1440.0 226.0 241.0 3.0 3.0 30.0
8 9.795 -1.364 0.866 -2.555 1 0.0 1440.0 268.0 283.0 3.0 3.0 30.0
9 -8.757 -4.182 -4.961 3.311 1 0.0 1440.0 474.0 489.0 3.0 3.0 30.0
10 9.771 2.81 -5.416 -0.248 1 0.0 1440.0 155.0 170.0 3.0 3.0 30.0
11 -4.338 -5.381 8.511 -7.157 1 0.0 1440.0 443.0 458.0 3.0 3.0 30.0
12 3.921 5.122 -8.793 9.74 1 0.0 1440.0 436.0 451.0 3.0 3.0 30.0
13 1.044 -8.285 8.437 -5.199 1 0.0 1440.0 61.0 76.0 3.0 3.0 30.0
14 -6.79 -2.567 6.323 -8.101 1 0.0 1440.0 180.0 195.0 3.0 3.0 30.0
15 6.256 -0.415 -8.33 -0.933 1 0.0 1440.0 353.0 368.0 3.0 3.0 30.0
16 3.668 -0.067 4.729 8.288 1 0.0 1440.0 519.0 534.0 3.0 3.0 30.0
17 -5.301 -9.79 -0.384 0.332 1 0.0 1440.0 303.0 318.0 3.0 3.0 30.0
18 0.293 0.787 -5.746 -4.585 1 0.0 1440.0 152.0 167.0 3.0 3.0 30.0
19 -4.695 -7.57 6.458 -2.98 1 0.0 1440.0 79.0 94.0 3.0 3.0 30.0
20 -6.952 7.583 0.23 0.481 1 0.0 1440.0 372.0 387.0 3.0 3.0 30.0
21 -1.895 3.742 9.852 -1.686 1 0.0 1440.0 319.0 334.0 3.0 3.0 30.0
22 -6.678 4.438 8.607 4.11 1 0.0 1440.0 153.0 168.0 3.0 3.0 30.0
23 -1.207 -8.871 -8.093 -7.408 1 0.0 1440.0 425.0 440.0 3.0 3.0 30.0
24 3.002 -7.508 -8.896 -2.56 1 410.0 425.0 0.0 1440.0 3.0 3.0 30.0
25 -4.966 -0.036 -3.477 -3.837 1 246.0 261.0 0.0 1440.0 3.0 3.0 30.0
26 -5.959 6.927 -6.904 -6.045 1 285.0 300.0 0.0 1440.0 3.0 3.0 30.0
27 9.892 -3.867 -2.006 -7.291 1 155.0 170.0 0.0 1440.0 3.0 3.0 30.0
28 0.018 -3.12 5.711 2.51 1 85.0 100.0 0.0 1440.0 3.0 3.0 30.0
29 5.755 4.754 7.788 -3.602 1 418.0 433.0 0.0 1440.0 3.0 3.0 30.0
30 -7.189 -7.96 1.433 2.775 1 475.0 490.0 0.0 1440.0 3.0 3.0 30.0
31 1.155 -9.308 6.816 -1.918 1 20.0 35.0 0.0 1440.0 3.0 3.0 30.0
32 4.542 -3.606 -2.595 -8.578 1 537.0 552.0 0.0 1440.0 3.0 3.0 30.0
33 -0.455 8.94 -6.484 8.567 1 6.0 21.0 0.0 1440.0 3.0 3.0 30.0
34 -5.04 8.026 4.322 9.713 1 19.0 34.0 0.0 1440.0 3.0 3.0 30.0
35 3.543 2.153 -7.476 5.583 1 413.0 428.0 0.0 1440.0 3.0 3.0 30.0
36 -0.251 2.116 -3.262 0.441 1 400.0 415.0 0.0 1440.0 3.0 3.0 30.0
37 2.887 -7.206 -8.305 -8.347 1 515.0 530.0 0.0 1440.0 3.0 3.0 30.0
38 -3.597 -8.868 -0.585 -4.657 1 215.0 230.0 0.0 1440.0 3.0 3.0 30.0
39 -8.629 -7.696 0.303 9.397 1 270.0 285.0 0.0 1440.0 3.0 3.0 30.0
40 0.082 7.063 2.843 2.875 1 391.0 406.0 0.0 1440.0 3.0 3.0 30.0
41 6.145 0.69 -3.648 -7.368 1 167.0 182.0 0.0 1440.0 3.0 3.0 30.0
42 -1.694 5.637 -0.965 -0.562 1 388.0 403.0 0.0 1440.0 3.0 3.0 30.0
43 -6.381 -5.319 0.808 -4.076 1 275.0 290.0 0.0 1440.0 3.0 3.0 30.0
44 1.669 -0.946 5.076 -3.069 1 405.0 420.0 0.0 1440.0 3.0 3.0 30.0
45 -5.578 -2.125 7.013 -8.515 1 266.0 281.0 0.0 1440.0 3.0 3.0 30.0
46 -7.63 6.24 7.63 3.06 1 7.0 22.0 0.0 1440.0 3.0 3.0 30.0
47 -6.325 -8.388 -8.282 -1.644 1 206.0 221.0 0.0 1440.0 3.0 3.0 30.0
48 -3.047 -9.588 0.605 9.929 1 0.0 1440.0 76.0 91.0 3.0 3.0 30.0
49 -7.103 7.376 9.391 -6.113 1 0.0 1440.0 551.0 566.0 3.0 3.0 30.0
50 -8.023 -6.406 -1.101 -1.135 1 0.0 1440.0 551.0 566.0 3.0 3.0 30.0
51 4.611 -2.35 -8.074 7.422 1 0.0 1440.0 385.0 400.0 3.0 3.0 30.0
52 8.697 3.758 -2.803 -7.819 1 0.0 1440.0 85.0 100.0 3.0 3.0 30.0
53 1.522 8.689 -3.185 -1.322 1 0.0 1440.0 283.0 298.0 3.0 3.0 30.0
54 1.329 -4.367 -7.362 9.964 1 0.0 1440.0 317.0 332.0 3.0 3.0 30.0
55 -7.416 3.798 -3.262 2.169 1 0.0 1440.0 471.0 486.0 3.0 3.0 30.0
56 -4.78 0.533 -4.162 5.153 1 0.0 1440.0 156.0 171.0 3.0 3.0 30.0
57 8.431 -9.52 9.415 -9.138 1 0.0 1440.0 218.0 233.0 3.0 3.0 30.0
58 -8.26 6.665 -6.09 9.323 1 0.0 1440.0 433.0 448.0 3.0 3.0 30.0
59 6.933 9.914 -2.188 -2.534 1 0.0 1440.0 125.0 140.0 3.0 3.0 30.0
60 -5.96 -7.183 5.571 7.782 1 104.0 119.0 0.0 1440.0 3.0 3.0 30.0
61 -3.486 4.629 -4.129 -3.005 1 181.0 196.0 0.0 1440.0 3.0 3.0 30.0
62 -8.936 0.643 -1.266 7.73 1 217.0 232.0 0.0 1440.0 3.0 3.0 30.0
63 -7.906 -0.978 9.025 6.723 1 162.0 177.0 0.0 1440.0 3.0 3.0 30.0
64 1.254 -1.234 -2.026 7.387 1 288.0 303.0 0.0 1440.0 3.0 3.0 30.0
65 3.476 -3.513 6.194 9.87 1 475.0 490.0 0.0 1440.0 3.0 3.0 30.0
66 -6.975 2.54 2.94 5.178 1 230.0 245.0 0.0 1440.0 3.0 3.0 30.0
67 -2.16 5.262 -5.073 9.956 1 414.0 429.0 0.0 1440.0 3.0 3.0 30.0
68 4.697 -6.855 -1.051 -2.763 1 111.0 126.0 0.0 1440.0 3.0 3.0 30.0
69 -7.538 -0.703 -8.634 8.099 1 291.0 306.0 0.0 1440.0 3.0 3.0 30.0
70 1.817 6.591 -6.948 4.962 1 277.0 292.0 0.0 1440.0 3.0 3.0 30.0
