7 56 28 2 1 3 2 2 1 3 1440.0
0.0 0.0
1 -4.794 -1.608 -5.053 2.039 1 0.0 1440.0 537.0 552.0 3.0 3.0 30.0
2 -3.351 -2.202 -5.945 -5.443 1 0.0 1440.0 549.0 564.0 3.0 3.0 30.0
3 -3.739 -4.361 5.676 -5.661 1 0.0 1440.0 307.0 322.0 3.0 3.0 30.0
4 3.746 2.637 -2.241 -1.973 1 0.0 1440.0 81.0 96.0 3.0 3.0 30.0
5 -1.959 -3.955 3.234 6.433 1 0.0 1440.0 219.0 234.0 3.0 3.0 30.0
6 -9.019 -0.672 -6.918 -1.221 1 0.0 1440.0 297.0 312.0 3.0 3.0 30.0
7 -5.386 -0.864 4.487 -6.201 1 0.0 1440.0 391.0 406.0 3.0 3.0 30.0
8 -7.401 -3.624 -6.349 1.164 1 0.0 1440.0 313.0 328.0 3.0 3.0 30.0
9 1.775 -0.478 -9.963 -5.588 1 0.0 1440.0 311.0 326.0 3.0 3.0 30.0
10 9.607 -9.087 -9.487 -1.256 1 0.0 1440.0 187.0 202.0 3.0 3.0 30.0
11 1.419 -2.036 1.343 7.794 1 0.0 1440.0 127.0 142.0 3.0 3.0 30.0
12 -8.306 -5.225 1.677 1.216 1 0.0 1440.0 575.0 590.0 3.0 3.0 30.0
13 2.84 -1.459 -8.163 4.138 1 0.0 1440.0 655.0 670.0 3.0 3.0 30.0
14 7.426 6.149 -9.291 -0.605 1 0.0 1440.0 593.0 608.0 3.0 3.0 30.0
15 -7.425 7.121 -0.998 -6.512 1 0.0 1440.0 630.0 645.0 3.0 3.0 30.0
16 -8.567 -0.912 4.907 -0.603 1 0.0 1440.0 464.0 479.0 3.0 3.0 30.0
17 1.595 1.148 -4.508 1.526 1 0.0 1440.0 222.0 237.0 3.0 3.0 30.0
18 5.886 7.07 3.22 -9.339 1 0.0 1440.0 191.0 206.0 3.0 3.0 30.0
19 -5.224 -1.652 9.126 -9.074 1 0.0 1440.0 326.0 341.0 3.0 3.0 30.0
20 -6.209 -9.304 -8.37 -9.139 1 0.0 1440.0 120.0 135.0 3.0 3.0 30.0
21 -6.569 4.844 6.183 1.779 1 0.0 1440.0 609.0 624.0 3.0 3.0 30.0
22 -6.636 -9.391 6.734 -9.114 1 0.0 1440.0 665.0 680.0 3.0 3.0 30.0
23 -2.402 -7.68 6.154 -0.507 1 0.0 1440.0 61.0 76.0 3.0 3.0 30.0
24 -6.064 1.462 7.414 -5.368 1 0.0 1440.0 648.0 663.0 3.0 3.0 30.0
25 -1.988 7.354 2.976 -7.144 1 0.0 1440.0 201.0 216.0 3.0 3.0 30.0
26 4.462 -8.511 -3.779 5.071 1 0.0 1440.0 279.0 294.0 3.0 3.0 30.0
27 -9.701 -6.739 -7.331 -7.381 1 0.0 1440.0 446.0 461.0 3.0 3.0 30.0
28 -6.23 6.25 7.844 -9.771 1 0.0 1440.0 423.0 438.0 3.0 3.0 30.0
29 -3.917 -1.12 -5.835 7.545 1 290.0 305.0 0.0 1440.0 3.0 3.0 30.0
30 -2.845 8.562 1.298 9.448 1 27.0 42.0 0.0 1440.0 3.0 3.0 30.0
31 9.733 3.819 -2.539 7.086 1 340.0 355.0 0.0 1440.0 3.0 3.0 30.0
32 8.573 6.538 1.548 -9.938 1 218.0 233.0 0.0 1440.0 3.0 3.0 30.0
33 -6.356 -0.712 -9.639 -3.095 1 98.0 113.0 0.0 1440.0 3.0 3.0 30.0
34 -8.551 -9.177 0.675 7.699 1 359.0 374.0 0.0 1440.0 3.0 3.0 30.0
35 -6.133 2.626 -1.675 -7.571 1 256.0 271.0 0.0 1440.0 3.0 3.0 30.0
36 3.469 5.234 -7.838 -2.711 1 635.0 650.0 0.0 1440.0 3.0 3.0 30.0
37 7.415 -3.715 -4.267 -3.297 1 417.0 432.0 0.0 1440.0 3.0 3.0 30.0
38 9.647 7.744 7.057 4.881 1 143.0 158.0 0.0 1440.0 3.0 3.0 30.0
39 6.992 0.207 -9.568 -2.212 1 83.0 98.0 0.0 1440.0 3.0 3.0 30.0
40 6.131 -1.747 -4.797 -7.584 1 392.0 407.0 0.0 1440.0 3.0 3.0 30.0
41 -9.109 -9.942 1.68 -5.796 1 58.0 73.0 0.0 1440.0 3.0 3.0 30.0
42 -4.091 -5.854 8.422 5.542 1 254.0 269.0 0.0 1440.0 3.0 3.0 30.0
43 -2.306 -9.138 -3.497 9.567 1 332.0 347.0 0.0 1440.0 3.0 3.0 30.0
44 6.445 -2.853 9.214 4.189 1 465.0 480.0 0.0 1440.0 3.0 3.0 30.0
45 6.079 1.926 -3.81 6.137 1 343.0 358.0 0.0 1440.0 3.0 3.0 30.0
46 3.694 -1.184 -7.954 7.839 1 580.0 595.0 0.0 1440.0 3.0 3.0 30.0
47 6.525 -5.908 -4.467 7.387 1 168.0 183.0 0.0 1440.0 3.0 3.0 30.0
48 4.182 -5.686 3.832 -8.671 1 264.0 279.0 0.0 1440.0 3.0 3.0 30.0
49 8.171 2.351 -0.02 -7.656 1 504.0 519.0 0.0 1440.0 3.0 3.0 30.0
50 1.864 6.605 8.216 -9.32 1 529.0 544.0 0.0 1440.0 3.0 3.0 30.0
51 4.194 -8.411 7.205 8.286 1 481.0 496.0 0.0 1440.0 3.0 3.0 30.0
52 6.446 -3.381 -0.589 5.648 1 77.0 92.0 0.0 1440.0 3.0 3.0 30.0
53 -8.86 2.324 3.819 3.491 1 533.0 548.0 0.0 1440.0 3.0 3.0 30.0
54 -5.119 8.821 9.943 -3.53 1 601.0 616.0 0.0 1440.0 3.0 3.0 30.0
55 3.414 0.697 3.159 -8.161 1 137.0 152.0 0.0 1440.0 3.0 3.0 30.0
56 5.917 -2.248 2.254 -1.759 1 189.0 204.0 0.0 1440.0 3.0 3.0 30.0
57 -6.58 4.281 -5.331 3.34 1 0.0 1440.0 553.0 568.0 3.0 3.0 30.0
58 -4.292 9.185 -8.503 6.019 1 0.0 1440.0 489.0 504.0 3.0 3.0 30.0
59 9.852 -1.436 5.87 -5.52 1 0.0 1440.0 516.0 531.0 3.0 3.0 30.0
60 -9.348 -6.193 7.424 -3.709 1 0.0 1440.0 103.0 118.0 3.0 3.0 30.0
61 0.621 -8.702 2.453 6.666 1 0.0 1440.0 338.0 353.0 3.0 3.0 30.0
62 -3.429 1.968 7.647 5.899 1 0.0 1440.0 257.0 272.0 3.0 3.0 30.0
63 6.095 9.931 8.447 9.902 1 0.0 1440.0 201.0 216.0 3.0 3.0 30.0
64 3.158 -3.726 3.501 -8.301 1 0.0 1440.0 297.0 312.0 3.0 3.0 30.0
65 -5.044 7.522 -6.499 -7.924 1 0.0 1440.0 275.0 290.0 3.0 3.0 30.0
66 5.267 -8.105 -6.491 -5.644 1 0.0 1440.0 470.0 485.0 3.0 3.0 30.0
67 4.596 8.397 5.95 -4.256 1 0.0 1440.0 291.0 306.0 3.0 3.0 30.0
68 -4.867 5.792 4.019 1.406 1 0.0 1440.0 563.0 578.0 3.0 3.0 30.0
69 5.225 6.46 -5.911 3.623 1 0.0 1440.0 369.0 384.0 3.0 3.0 30.0
70 3.753 2.294 -0.235 -0.455 1 0.0 1440.0 83.0 98.0 3.0 3.0 30.0
71 2.29 5.07 -6.218 -8.83 1 43.0 58.0 0.0 1440.0 3.0 3.0 30.0
72 -4.449 0.796 -4.138 -7.911 1 195.0 210.0 0.0 1440.0 3.0 3.0 30.0
73 -0.736 -6.687 -1.848 0.088 1 193.0 208.0 0.0 1440.0 3.0 3.0 30.0
74 4.217 -0.367 -7.622 -0.713 1 117.0 132.0 0.0 1440.0 3.0 3.0 30.0
75 0.961 1.873 3.154 -6.413 1 514.0 529.0 0.0 1440.0 3.0 3.0 30.0
76 1.492 4.526 1.181 -8.301 1 625.0 640.0 0.0 1440.0 3.0 3.0 30.0
77 7.046 -5.828 7.83 -4.701 1 8.0 23.0 0.0 1440.0 3.0 3.0 30.0
78 8.408 9.202 2.822 2.934 1 479.0 494.0 0.0 1440.0 3.0 3.0 30.0
79 2.596 -8.531 8.422 -5.478 1 480.0 495.0 0.0 1440.0 3.0 3.0 30.0
80 -3.311 -1.575 2.468 1.003 1 455.0 470.0 0.0 1440.0 3.0 3.0 30.0
81 -2.397 4.585 -3.913 -0.928 1 350.0 365.0 0.0 1440.0 3.0 3.0 30.0
82 -0.856 -1.175 -9.064 -4.25 1 53.0 68.0 0.0 1440.0 3.0 3.0 30.0
83 -5.505 3.572 8.285 1.114 1 459.0 474.0 0.0 1440.0 3.0 3.0 30.0
84 -6.085 1.832 5.844 8.5 1 162.0 177.0 0.0 1440.0 3.0 3.0 30.0
