8 43 21 2 2 3 2 3 1 2 1 1440.0
0.0 0.0
1 -1.484 5.938 2.532 -4.509 1 0.0 1440.0 167.0 182.0 3.0 3.0 30.0
2 -8.311 -2.133 -9.452 -7.783 1 0.0 1440.0 269.0 284.0 3.0 3.0 30.0
3 3.404 0.426 -1.255 7.302 1 0.0 1440.0 306.0 321.0 3.0 3.0 30.0
4 -5.172 5.83 7.641 0.266 1 0.0 1440.0 109.0 124.0 3.0 3.0 30.0
5 -5.291 -1.134 2.135 2.577 1 0.0 1440.0 346.0 361.0 3.0 3.0 30.0
6 9.558 -6.903 -4.019 -0.016 1 0.0 1440.0 113.0 128.0 3.0 3.0 30.0
7 5.543 4.983 4.061 8.971 1 0.0 1440.0 343.0 358.0 3.0 3.0 30.0
8 -8.564 -7.106 2.897 -9.579 1 0.0 1440.0 103.0 118.0 3.0 3.0 30.0
9 -8.477 1.084 4.894 -5.38 1 0.0 1440.0 147.0 162.0 3.0 3.0 30.0
10 3.158 2.03 0.786 6.052 1 0.0 1440.0 280.0 295.0 3.0 3.0 30.0
11 4.793 6.455 3.11 5.197 1 0.0 1440.0 170.0 185.0 3.0 3.0 30.0
12 1.97 0.587 8.662 0.122 1 0.0 1440.0 181.0 196.0 3.0 3.0 30.0
13 -4.378 9.003 6.591 2.793 1 0.0 1440.0 295.0 310.0 3.0 3.0 30.0
14 -5.895 -3.18 4.316 5.189 1 0.0 1440.0 442.0 457.0 3.0 3.0 30.0
15 1.698 9.098 -0.445 0.637 1 0.0 1440.0 442.0 457.0 3.0 3.0 30.0
16 8.231 -0.309 -6.205 0.261 1 0.0 1440.0 461.0 476.0 3.0 3.0 30.0
17 -9.103 2.957 -4.946 7.352 1 0.0 1440.0 50.0 65.0 3.0 3.0 30.0
18 8.955 8.913 -0.678 -0.458 1 0.0 1440.0 453.0 468.0 3.0 3.0 30.0
19 -2.038 -7.727 -1.501 4.782 1 0.0 1440.0 122.0 137.0 3.0 3.0 30.0
20 -8.792 3.243 -3.52 -9.694 1 0.0 1440.0 404.0 419.0 3.0 3.0 30.0
21 2.148 -9.088 8.537 -8.161 1 0.0 1440.0 229.0 244.0 3.0 3.0 30.0
22 -9.242 3.853 -7.265 3.715 1 0.0 1440.0 46.0 61.0 3.0 3.0 30.0
23 -1.147 7.375 8.407 -5.112 1 58.0 73.0 0.0 1440.0 3.0 3.0 30.0
24 4.987 4.112 -1.187 -1.771 1 191.0 206.0 0.0 1440.0 3.0 3.0 30.0
25 1.229 -2.344 -9.623 2.141 1 46.0 61.0 0.0 1440.0 3.0 3.0 30.0
26 -4.962 9.284 -5.588 4.448 1 366.0 381.0 0.0 1440.0 3.0 3.0 30.0
27 -8.505 5.836 -6.699 8.87 1 171.0 186.0 0.0 1440.0 3.0 3.0 30.0
28 8.637 -8.962 -5.797 -0.064 1 247.0 262.0 0.0 1440.0 3.0 3.0 30.0
29 -1.33 -9.379 -5.078 -7.218 1 276.0 291.0 0.0 1440.0 3.0 3.0 30.0
30 -0.259 3.529 4.01 7.397 1 129.0 144.0 0.0 1440.0 3.0 3.0 30.0
31 -4.336 -1.429 -4.267 -5.053 1 3.0 18.0 0.0 1440.0 3.0 3.0 30.0
32 -4.001 -6.518 -3.558 -8.165 1 111.0 126.0 0.0 1440.0 3.0 3.0 30.0
33 1.67 -0.485 -9.528 2.708 1 218.0 233.0 0.0 1440.0 3.0 3.0 30.0
34 -1.519 8.17 1.685 -7.99 1 190.0 205.0 0.0 1440.0 3.0 3.0 30.0
35 -5.679 -7.066 7.754 -6.629 1 387.0 402.0 0.0 1440.0 3.0 3.0 30.0
36 -2.907 -5.818 -0.965 5.663 1 293.0 308.0 0.0 1440.0 3.0 3.0 30.0
37 -4.263 -6.03 9.515 5.252 1 256.0 271.0 0.0 1440.0 3.0 3.0 30.0
38 4.378 3.601 6.576 -0.292 1 388.0 403.0 0.0 1440.0 3.0 3.0 30.0
39 7.76 0.206 8.189 5.93 1 4.0 19.0 0.0 1440.0 3.0 3.0 30.0
40 9.288 7.953 -9.749 -7.778 1 76.0 91.0 0.0 1440.0 3.0 3.0 30.0
41 -3.362 -3.36 -5.053 -2.938 1 268.0 283.0 0.0 1440.0 3.0 3.0 30.0
42 -5.47 -5.373 -1.513 8.131 1 382.0 397.0 0.0 1440.0 3.0 3.0 30.0
43 -6.852 6.383 5.891 3.354 1 248.0 263.0 0.0 1440.0 3.0 3.0 30.0
44 -2.224 -4.563 -8.335 -4.58 1 0.0 1440.0 378.0 393.0 3.0 3.0 30.0
45 2.372 8.746 -8.71 -4.319 1 0.0 1440.0 52.0 67.0 3.0 3.0 30.0
46 -5.923 -6.572 1.7 -9.842 1 0.0 1440.0 180.0 195.0 3.0 3.0 30.0
47 3.927 8.985 -1.326 -0.135 1 0.0 1440.0 342.0 357.0 3.0 3.0 30.0
48 1.701 -5.649 -7.363 0.447 1 0.0 1440.0 219.0 234.0 3.0 3.0 30.0
49 7.058 -9.596 -4.751 2.888 1 0.0 1440.0 370.0 385.0 3.0 3.0 30.0
50 -6.535 8.152 -5.411 -2.184 1 0.0 1440.0 360.0 375.0 3.0 3.0 30.0
51 -3.53 -2.829 2.525 5.335 1 0.0 1440.0 152.0 167.0 3.0 3.0 30.0
52 4.367 8.939 -9.837 -0.65 1 0.0 1440.0 446.0 461.0 3.0 3.0 30.0
53 -4.61 6.035 5.164 -5.607 1 0.0 1440.0 212.0 227.0 3.0 3.0 30.0
54 4.104 -0.591 2.67 3.017 1 46.0 61.0 0.0 1440.0 3.0 3.0 30.0
55 -4.667 1.299 2.85 -2.395 1 160.0 175.0 0.0 1440.0 3.0 3.0 30.0
56 6.455 -5.049 2.899 0.308 1 138.0 153.0 0.0 1440.0 3.0 3.0 30.0
57 5.744 9.05 3.851 -9.305 1 87.0 102.0 0.0 1440.0 3.0 3.0 30.0
58 -8.676 5.33 -8.622 -8.055 1 87.0 102.0 0.0 1440.0 3.0 3.0 30.0
59 -5.637 -9.576 -8.337 -2.155 1 73.0 88.0 0.0 1440.0 3.0 3.0 30.0
60 6.401 2.656 -0.686 -9.416 1 104.0 119.0 0.0 1440.0 3.0 3.0 30.0
61 0.139 2.307 2.799 4.109 1 169.0 184.0 0.0 1440.0 3.0 3.0 30.0
62 6.582 2.072 2.642 4.535 1 312.0 327.0 0.0 1440.0 3.0 3.0 30.0
63 5.694 -5.822 0.936 -1.65 1 241.0 256.0 0.0 1440.0 3.0 3.0 30.0
64 -0.845 6.467 4.988 5.796 1 43.0 58.0 0.0 1440.0 3.0 3.0 30.0
