8 54 26 2 2 3 2 1 1 3 2 1440.0
0.0 0.0
1 4.426 -1.522 -8.39 -7.807 1 0.0 1440.0 583.0 598.0 3.0 3.0 30.0
2 0.665 -3.849 -1.839 -1.385 1 0.0 1440.0 207.0 222.0 3.0 3.0 30.0
3 4.53 -5.153 -9.994 -2.035 1 0.0 1440.0 266.0 281.0 3.0 3.0 30.0
4 -1.212 -0.102 1.767 1.965 1 0.0 1440.0 84.0 99.0 3.0 3.0 30.0
5 1.246 -6.941 -3.61 9.725 1 0.0 1440.0 276.0 291.0 3.0 3.0 30.0
6 -7.005 6.744 0.39 -0.854 1 0.0 1440.0 558.0 573.0 3.0 3.0 30.0
7 -7.243 9.011 -6.325 -2.396 1 0.0 1440.0 359.0 374.0 3.0 3.0 30.0
8 -2.803 5.601 9.352 8.308 1 0.0 1440.0 521.0 536.0 3.0 3.0 30.0
9 4.922 9.08 -1.127 3.762 1 0.0 1440.0 180.0 195.0 3.0 3.0 30.0
10 -1.263 5.945 -7.287 -5.663 1 0.0 1440.0 72.0 87.0 3.0 3.0 30.0
11 3.598 -0.106 9.26 2.678 1 0.0 1440.0 396.0 411.0 3.0 3.0 30.0
12 0.086 -7.551 -0.107 0.992 1 0.0 1440.0 346.0 361.0 3.0 3.0 30.0
13 -0.44 5.448 -9.52 -2.939 1 0.0 1440.0 226.0 241.0 3.0 3.0 30.0
14 -1.132 5.703 -6.433 -4.036 1 0.0 1440.0 560.0 575.0 3.0 3.0 30.0
15 2.296 -8.202 4.701 -1.759 1 0.0 1440.0 559.0 574.0 3.0 3.0 30.0
16 -7.181 8.298 -8.161 2.714 1 0.0 1440.0 436.0 451.0 3.0 3.0 30.0
17 1.319 3.438 -2.387 -3.109 1 0.0 1440.0 565.0 580.0 3.0 3.0 30.0
18 -1.5 -0.821 6.977 0.949 1 0.0 1440.0 260.0 275.0 3.0 3.0 30.0
19 -9.649 -1.55 -9.491 5.799 1 0.0 1440.0 249.0 264.0 3.0 3.0 30.0
20 4.451 7.855 -0.302 -6.37 1 0.0 1440.0 62.0 77.0 3.0 3.0 30.0
21 -1.274 -5.553 -0.563 9.863 1 0.0 1440.0 53.0 68.0 3.0 3.0 30.0
22 5.078 -6.535 0.085 -9.59 1 0.0 1440.0 101.0 116.0 3.0 3.0 30.0
23 -7.688 -3.233 4.111 -9.833 1 0.0 1440.0 524.0 539.0 3.0 3.0 30.0
24 -2.586 -8.278 -4.009 -1.431 1 0.0 1440.0 52.0 67.0 3.0 3.0 30.0
25 -8.498 -0.297 7.295 -4.051 1 0.0 1440.0 508.0 523.0 3.0 3.0 30.0
26 0.006 -2.756 -8.973 3.471 1 0.0 1440.0 83.0 98.0 3.0 3.0 30.0
27 -0.652 -3.784 -1.661 -3.709 1 444.0 459.0 0.0 1440.0 3.0 3.0 30.0
28 -0.612 -5.442 7.408 6.155 1 474.0 489.0 0.0 1440.0 3.0 3.0 30.0
29 -7.702 -6.434 -6.431 -5.98 1 327.0 342.0 0.0 1440.0 3.0 3.0 30.0
30 3.934 -4.65 -6.816 -9.85 1 255.0 270.0 0.0 1440.0 3.0 3.0 30.0
31 -8.201 -9.74 3.812 4.119 1 240.0 255.0 0.0 1440.0 3.0 3.0 30.0
32 0.706 -3.684 -6.493 5.264 1 530.0 545.0 0.0 1440.0 3.0 3.0 30.0
33 -6.109 -6.769 7.562 -2.543 1 42.0 57.0 0.0 1440.0 3.0 3.0 30.0
34 5.37 -2.895 1.289 -5.197 1 130.0 145.0 0.0 1440.0 3.0 3.0 30.0
35 8.576 -1.636 1.395 1.073 1 141.0 156.0 0.0 1440.0 3.0 3.0 30.0
36 -4.624 -1.586 -4.993 0.726 1 139.0 154.0 0.0 1440.0 3.0 3.0 30.0
37 7.889 8.969 2.525 8.149 1 179.0 194.0 0.0 1440.0 3.0 3.0 30.0
38 -0.186 -8.318 8.085 3.045 1 149.0 164.0 0.0 1440.0 3.0 3.0 30.0
39 -6.735 6.83 -1.586 0.37 1 356.0 371.0 0.0 1440.0 3.0 3.0 30.0
40 -8.347 -5.387 -1.055 0.018 1 0.0 15.0 0.0 1440.0 3.0 3.0 30.0
41 -0.156 -4.974 5.393 8.258 1 165.0 180.0 0.0 1440.0 3.0 3.0 30.0
42 0.183 8.645 6.147 -0.847 1 385.0 400.0 0.0 1440.0 3.0 3.0 30.0
43 -4.711 -6.848 7.03 5.44 1 303.0 318.0 0.0 1440.0 3.0 3.0 30.0
44 -2.729 -0.691 -4.746 -1.047 1 494.0 509.0 0.0 1440.0 3.0 3.0 30.0
45 4.85 -3.287 2.218 1.68 1 69.0 84.0 0.0 1440.0 3.0 3.0 30.0
46 9.931 1.533 3.334 -5.456 1 90.0 105.0 0.0 1440.0 3.0 3.0 30.0
47 -5.136 -1.208 -3.239 -6.492 1 429.0 444.0 0.0 1440.0 3.0 3.0 30.0
48 -6.912 2.944 -1.203 -3.76 1 114.0 129.0 0.0 1440.0 3.0 3.0 30.0
49 -5.832 -0.508 3.511 3.477 1 66.0 81.0 0.0 1440.0 3.0 3.0 30.0
50 6.693 3.366 -9.645 5.437 1 457.0 472.0 0.0 1440.0 3.0 3.0 30.0
51 9.608 2.607 7.891 2.553 1 111.0 126.0 0.0 1440.0 3.0 3.0 30.0
52 6.844 7.641 6.721 -3.664 1 275.0 290.0 0.0 1440.0 3.0 3.0 30.0
53 -9.895 8.525 4.127 4.787 1 233.0 248.0 0.0 1440.0 3.0 3.0 30.0
54 -7.955 -8.784 -1.433 5.41 1 108.0 123.0 0.0 1440.0 3.0 3.0 30.0
55 1.749 1.112 -6.04 8.3 1 0.0 1440.0 566.0 581.0 3.0 3.0 30.0
56 0.565 8.84 -8.573 6.133 1 0.0 1440.0 238.0 253.0 3.0 3.0 30.0
57 -3.757 6.772 -7.45 6.141 1 0.0 1440.0 436.0 451.0 3.0 3.0 30.0
58 8.221 -9.095 -2.613 -8.72 1 0.0 1440.0 237.0 252.0 3.0 3.0 30.0
59 -0.511 7.501 -5.725 -3.767 1 0.0 1440.0 407.0 422.0 3.0 3.0 30.0
60 6.506 7.096 -1.01 5.517 1 0.0 1440.0 493.0 508.0 3.0 3.0 30.0
61 4.9 5.572 8.921 1.672 1 0.0 1440.0 451.0 466.0 3.0 3.0 30.0
62 5.163 1.138 -5.333 0.866 1 0.0 1440.0 332.0 347.0 3.0 3.0 30.0
63 0.222 -4.668 -6.838 2.019 1 0.0 1440.0 352.0 367.0 3.0 3.0 30.0
64 -5.63 3.243 4.838 -7.333 1 0.0 1440.0 248.0 263.0 3.0 3.0 30.0
65 -2.24 5.165 3.987 -8.802 1 0.0 1440.0 68.0 83.0 3.0 3.0 30.0
66 -4.175 -8.844 -6.019 4.274 1 0.0 1440.0 579.0 594.0 3.0 3.0 30.0
67 4.868 6.943 -5.221 -1.89 1 0.0 1440.0 246.0 261.0 3.0 3.0 30.0
68 -5.505 -8.566 5.87 9.66 1 0.0 1440.0 505.0 520.0 3.0 3.0 30.0
69 3.663 2.32 0.786 5.096 1 282.0 297.0 0.0 1440.0 3.0 3.0 30.0
70 -6.168 -0.566 -4.478 3.535 1 309.0 324.0 0.0 1440.0 3.0 3.0 30.0
71 -3.408 2.498 -6.459 3.836 1 459.0 474.0 0.0 1440.0 3.0 3.0 30.0
72 -2.122 0.151 -1.144 4.194 1 111.0 126.0 0.0 1440.0 3.0 3.0 30.0
73 1.552 8.745 4.387 6.578 1 341.0 356.0 0.0 1440.0 3.0 3.0 30.0
74 -2.209 4.682 -1.673 4.504 1 0.0 15.0 0.0 1440.0 3.0 3.0 30.0
75 7.27 3.341 4.435 -1.197 1 512.0 527.0 0.0 1440.0 3.0 3.0 30.0
76 -3.989 -6.305 -9.699 4.803 1 102.0 117.0 0.0 1440.0 3.0 3.0 30.0
77 8.533 -6.934 2.058 1.875 1 23.0 38.0 0.0 1440.0 3.0 3.0 30.0
78 8.149 -5.695 -8.579 -8.156 1 438.0 453.0 0.0 1440.0 3.0 3.0 30.0
79 -1.886 4.115 -8.548 -9.279 1 378.0 393.0 0.0 1440.0 3.0 3.0 30.0
80 8.245 0.726 7.565 5.886 1 105.0 120.0 0.0 1440.0 3.0 3.0 30.0
