8 64 32 2 2 3 2 1 3 1 2 1440.0
0.0 0.0
1 8.12 2.91 -7.889 -1.911 1 0.0 1440.0 643.0 658.0 3.0 3.0 30.0
2 -2.94 9.305 2.153 -8.485 1 0.0 1440.0 575.0 590.0 3.0 3.0 30.0
3 -6.354 1.011 6.432 -3.683 1 0.0 1440.0 150.0 165.0 3.0 3.0 30.0
4 -8.265 -7.759 -6.018 8.937 1 0.0 1440.0 357.0 372.0 3.0 3.0 30.0
5 5.066 1.585 7.057 -2.023 1 0.0 1440.0 214.0 229.0 3.0 3.0 30.0
6 -0.288 7.299 5.036 -0.983 1 0.0 1440.0 591.0 606.0 3.0 3.0 30.0
7 3.365 -2.156 -9.591 -6.739 1 0.0 1440.0 675.0 690.0 3.0 3.0 30.0
8 -0.608 9.853 -7.272 -8.847 1 0.0 1440.0 555.0 570.0 3.0 3.0 30.0
9 5.088 5.098 -0.299 7.329 1 0.0 1440.0 330.0 345.0 3.0 3.0 30.0
10 1.959 5.296 -8.495 9.803 1 0.0 1440.0 202.0 217.0 3.0 3.0 30.0
11 4.415 -2.507 -0.805 4.268 1 0.0 1440.0 386.0 401.0 3.0 3.0 30.0
12 -3.736 -1.108 -0.073 -8.638 1 0.0 1440.0 284.0 299.0 3.0 3.0 30.0
13 7.53 9.651 -4.066 -6.774 1 0.0 1440.0 114.0 129.0 3.0 3.0 30.0
14 -7.152 -6.289 -2.609 8.143 1 0.0 1440.0 282.0 297.0 3.0 3.0 30.0
15 -1.524 6.39 2.558 5.969 1 0.0 1440.0 270.0 285.0 3.0 3.0 30.0
16 -3.262 8.05 8.919 -8.114 1 0.0 1440.0 498.0 513.0 3.0 3.0 30.0
17 7.241 -6.316 -1.851 -3.867 1 0.0 1440.0 358.0 373.0 3.0 3.0 30.0
18 7.537 -9.045 0.614 -4.502 1 0.0 1440.0 244.0 259.0 3.0 3.0 30.0
19 -6.006 3.794 -8.836 -2.322 1 0.0 1440.0 285.0 300.0 3.0 3.0 30.0
20 7.848 9.822 6.286 8.803 1 0.0 1440.0 103.0 118.0 3.0 3.0 30.0
21 -4.133 0.129 -8.036 9.304 1 0.0 1440.0 336.0 351.0 3.0 3.0 30.0
22 6.618 -5.815 9.935 5.664 1 0.0 1440.0 604.0 619.0 3.0 3.0 30.0
23 -3.641 -3.376 -0.267 -9.847 1 0.0 1440.0 619.0 634.0 3.0 3.0 30.0
24 3.92 6.028 -6.542 -5.121 1 0.0 1440.0 117.0 132.0 3.0 3.0 30.0
25 -4.764 8.494 -7.273 -4.943 1 0.0 1440.0 95.0 110.0 3.0 3.0 30.0
26 -9.722 -6.506 0.924 0.407 1 0.0 1440.0 382.0 397.0 3.0 3.0 30.0
27 2.33 0.163 -2.975 6.515 1 0.0 1440.0 133.0 148.0 3.0 3.0 30.0
28 -2.881 -5.774 2.018 -2.166 1 0.0 1440.0 631.0 646.0 3.0 3.0 30.0
29 -0.314 -2.509 4.193 6.31 1 0.0 1440.0 518.0 533.0 3.0 3.0 30.0
30 -9.988 7.836 -3.834 8.506 1 0.0 1440.0 415.0 430.0 3.0 3.0 30.0
31 9.366 -7.853 8.784 -7.14 1 0.0 1440.0 348.0 363.0 3.0 3.0 30.0
32 2.376 6.216 5.19 -7.461 1 0.0 1440.0 431.0 446.0 3.0 3.0 30.0
33 8.904 -6.276 -0.342 -6.869 1 0.0 1440.0 622.0 637.0 3.0 3.0 30.0
34 -8.518 1.686 2.817 -1.027 1 301.0 316.0 0.0 1440.0 3.0 3.0 30.0
35 -3.968 9.357 3.876 -6.163 1 488.0 503.0 0.0 1440.0 3.0 3.0 30.0
36 4.467 -9.028 -6.152 2.303 1 77.0 92.0 0.0 1440.0 3.0 3.0 30.0
37 2.195 -8.862 1.669 4.342 1 479.0 494.0 0.0 1440.0 3.0 3.0 30.0
38 0.329 -0.281 -3.282 -3.455 1 305.0 320.0 0.0 1440.0 3.0 3.0 30.0
39 0.524 -0.52 4.126 -0.119 1 592.0 607.0 0.0 1440.0 3.0 3.0 30.0
40 -5.714 -8.189 -5.652 -4.743 1 549.0 564.0 0.0 1440.0 3.0 3.0 30.0
41 -7.15 8.512 5.633 2.569 1 71.0 86.0 0.0 1440.0 3.0 3.0 30.0
42 -2.232 -2.374 3.994 -3.317 1 631.0 646.0 0.0 1440.0 3.0 3.0 30.0
43 6.206 -4.226 -6.91 7.603 1 369.0 384.0 0.0 1440.0 3.0 3.0 30.0
44 -8.621 -4.691 -1.873 0.859 1 594.0 609.0 0.0 1440.0 3.0 3.0 30.0
45 -6.728 -7.644 5.144 -4.917 1 13.0 28.0 0.0 1440.0 3.0 3.0 30.0
46 9.007 7.854 -0.752 -2.673 1 480.0 495.0 0.0 1440.0 3.0 3.0 30.0
47 2.361 6.74 5.927 9.987 1 86.0 101.0 0.0 1440.0 3.0 3.0 30.0
48 5.883 -4.299 6.193 -8.343 1 455.0 470.0 0.0 1440.0 3.0 3.0 30.0
49 6.885 -8.077 -6.964 -7.806 1 458.0 473.0 0.0 1440.0 3.0 3.0 30.0
50 9.931 -0.961 -4.534 -7.714 1 348.0 363.0 0.0 1440.0 3.0 3.0 30.0
51 4.347 8.797 6.942 -5.469 1 168.0 183.0 0.0 1440.0 3.0 3.0 30.0
52 -6.361 3.072 4.166 -0.66 1 522.0 537.0 0.0 1440.0 3.0 3.0 30.0
53 2.754 3.884 -1.278 -8.207 1 363.0 378.0 0.0 1440.0 3.0 3.0 30.0
54 -9.078 5.47 8.575 9.719 1 102.0 117.0 0.0 1440.0 3.0 3.0 30.0
55 -9.429 9.997 -8.739 -8.401 1 644.0 659.0 0.0 1440.0 3.0 3.0 30.0
56 6.876 3.71 -4.762 -0.053 1 481.0 496.0 0.0 1440.0 3.0 3.0 30.0
57 -0.467 -9.197 6.816 -1.608 1 185.0 200.0 0.0 1440.0 3.0 3.0 30.0
58 -0.779 4.328 -8.854 -6.895 1 96.0 111.0 0.0 1440.0 3.0 3.0 30.0
59 2.699 0.341 8.559 -1.831 1 603.0 618.0 0.0 1440.0 3.0 3.0 30.0
60 9.083 5.577 0.319 2.793 1 8.0 23.0 0.0 1440.0 3.0 3.0 30.0
61 -7.413 8.551 -8.327 2.928 1 324.0 339.0 0.0 1440.0 3.0 3.0 30.0
62 6.829 8.581 -3.625 6.368 1 654.0 669.0 0.0 1440.0 3.0 3.0 30.0
63 0.405 0.57 4.653 -2.512 1 185.0 200.0 0.0 1440.0 3.0 3.0 30.0
64 -0.461 8.6 -7.516 -1.911 1 508.0 523.0 0.0 1440.0 3.0 3.0 30.0
65 7.664 7.203 9.042 -4.507 1 0.0 1440.0 468.0 483.0 3.0 3.0 30.0
66 1.392 -0.104 1.293 8.709 1 0.0 1440.0 96.0 111.0 3.0 3.0 30.0
67 9.467 1.761 -9.265 2.729 1 0.0 1440.0 609.0 624.0 3.0 3.0 30.0
68 6.956 1.889 -5.201 -2.033 1 0.0 1440.0 411.0 426.0 3.0 3.0 30.0
69 -5.428 -4.305 2.396 6.157 1 0.0 1440.0 57.0 72.0 3.0 3.0 30.0
70 0.841 5.408 -4.131 -1.86 1 0.0 1440.0 536.0 551.0 3.0 3.0 30.0
71 -7.05 5.147 1.224 4.838 1 0.0 1440.0 678.0 693.0 3.0 3.0 30.0
72 -9.977 -2.039 4.067 5.432 1 0.0 1440.0 117.0 132.0 3.0 3.0 30.0
73 0.939 5.445 -6.337 0.591 1 0.0 1440.0 272.0 287.0 3.0 3.0 30.0
74 -6.839 3.437 -1.655 -3.128 1 0.0 1440.0 259.0 274.0 3.0 3.0 30.0
75 -9.369 9.047 5.349 7.021 1 0.0 1440.0 418.0 433.0 3.0 3.0 30.0
76 -4.127 0.237 -6.241 -6.077 1 0.0 1440.0 231.0 246.0 3.0 3.0 30.0
77 -6.695 0.959 8.617 8.75 1 0.0 1440.0 348.0 363.0 3.0 3.0 30.0
78 5.503 -9.285 -8.463 -4.26 1 0.0 1440.0 225.0 240.0 3.0 3.0 30.0
79 -5.098 7.804 0.23 -9.07 1 0.0 1440.0 543.0 558.0 3.0 3.0 30.0
80 -8.575 8.915 -4.551 -4.851 1 283.0 298.0 0.0 1440.0 3.0 3.0 30.0
81 6.407 -8.603 -3.369 -1.907 1 514.0 529.0 0.0 1440.0 3.0 3.0 30.0
82 -5.835 -1.68 7.452 -4.697 1 389.0 404.0 0.0 1440.0 3.0 3.0 30.0
83 -0.352 0.184 0.177 -1.841 1 90.0 105.0 0.0 1440.0 3.0 3.0 30.0
84 -0.559 9.796 -8.707 -2.706 1 284.0 299.0 0.0 1440.0 3.0 3.0 30.0
85 -8.457 -8.971 6.891 8.283 1 556.0 571.0 0.0 1440.0 3.0 3.0 30.0
86 -3.132 8.859 -3.776 -1.209 1 277.0 292.0 0.0 1440.0 3.0 3.0 30.0
87 -5.568 2.301 1.233 -5.772 1 611.0 626.0 0.0 1440.0 3.0 3.0 30.0
88 -4.664 4.172 -2.463 7.638 1 388.0 403.0 0.0 1440.0 3.0 3.0 30.0
89 3.447 9.539 -1.261 3.444 1 341.0 356.0 0.0 1440.0 3.0 3.0 30.0
90 0.156 7.083 -7.674 0.958 1 353.0 368.0 0.0 1440.0 3.0 3.0 30.0
91 -7.311 1.864 -9.821 7.017 1 108.0 123.0 0.0 1440.0 3.0 3.0 30.0
92 4.802 0.822 -7.646 -1.026 1 659.0 674.0 0.0 1440.0 3.0 3.0 30.0
93 -1.08 0.138 5.451 -5.503 1 272.0 287.0 0.0 1440.0 3.0 3.0 30.0
94 -8.712 -4.21 0.177 3.152 1 237.0 252.0 0.0 1440.0 3.0 3.0 30.0
95 -0.925 -0.452 -2.046 9.896 1 558.0 573.0 0.0 1440.0 3.0 3.0 30.0
96 -1.558 -8.214 -5.082 -2.977 1 42.0 57.0 0.0 1440.0 3.0 3.0 30.0
