2 11 5 6 3 1440.0
0.0 0.0
1 0.366 6.249 -5.203 8.897 1 0.0 1440.0 151.0 166.0 1.0 1.0 45.0
2 -3.611 -2.115 5.734 -4.899 1 0.0 1440.0 252.0 267.0 5.0 5.0 45.0
3 6.602 -0.7 2.965 3.351 1 0.0 1440.0 181.0 196.0 1.0 1.0 45.0
4 -9.417 1.315 0.841 6.832 1 0.0 1440.0 341.0 356.0 3.0 3.0 45.0
5 -8.108 -0.165 6.128 -0.224 1 0.0 1440.0 173.0 188.0 1.0 1.0 45.0
6 9.652 -6.043 -8.475 -1.503 1 24.0 39.0 0.0 1440.0 2.0 2.0 45.0
7 -4.214 -6.219 4.906 3.128 1 25.0 40.0 0.0 1440.0 1.0 1.0 45.0
8 -6.312 4.187 8.98 2.988 1 307.0 322.0 0.0 1440.0 4.0 4.0 45.0
9 -5.078 1.371 1.638 4.757 1 264.0 279.0 0.0 1440.0 1.0 1.0 45.0
10 -9.106 4.125 -8.934 -5.149 1 402.0 417.0 0.0 1440.0 3.0 3.0 45.0
11 -3.981 4.082 5.35 -0.199 1 345.0 360.0 0.0 1440.0 3.0 3.0 45.0
12 5.525 6.75 8.74 -2.49 6 0.0 1440.0 196.0 211.0 6.0 6.0 45.0
13 -9.704 -1.154 7.821 -6.475 6 0.0 1440.0 408.0 423.0 6.0 6.0 45.0
14 -0.145 -2.659 -7.387 -2.528 6 0.0 1440.0 266.0 281.0 6.0 6.0 45.0
15 9.505 -4.496 2.914 0.82 3 320.0 335.0 0.0 1440.0 3.0 3.0 45.0
16 1.023 5.44 2.165 -4.79 2 163.0 178.0 0.0 1440.0 2.0 2.0 45.0
