2 16 8 6 3 1440.0
0.0 0.0
1 -3.706 9.484 3.519 1.108 1 0.0 1440.0 276.0 291.0 1.0 1.0 45.0
2 5.656 -9.641 -2.266 -7.295 1 0.0 1440.0 183.0 198.0 3.0 3.0 45.0
3 0.169 -6.35 -2.918 5.13 1 0.0 1440.0 483.0 498.0 6.0 6.0 45.0
4 -6.607 -3.178 -6.773 -7.124 1 0.0 1440.0 378.0 393.0 5.0 5.0 45.0
5 -7.215 -4.858 4.216 -4.641 1 0.0 1440.0 343.0 358.0 6.0 6.0 45.0
6 6.789 6.135 0.104 -9.562 1 0.0 1440.0 476.0 491.0 2.0 2.0 45.0
7 3.741 6.296 -1.374 -9.437 1 0.0 1440.0 395.0 410.0 4.0 4.0 45.0
8 0.679 -9.377 -8.619 -1.471 1 439.0 454.0 0.0 1440.0 4.0 4.0 45.0
9 3.132 2.536 -3.954 -1.985 1 554.0 569.0 0.0 1440.0 5.0 5.0 45.0
10 -5.19 1.022 8.449 -0.048 1 361.0 376.0 0.0 1440.0 2.0 2.0 45.0
11 9.005 -8.94 -9.403 5.14 1 207.0 222.0 0.0 1440.0 1.0 1.0 45.0
12 -1.791 4.919 4.776 -5.494 1 211.0 226.0 0.0 1440.0 5.0 5.0 45.0
13 5.138 -2.198 -3.981 5.761 1 640.0 655.0 0.0 1440.0 5.0 5.0 45.0
14 -0.919 -4.533 -2.32 -8.383 1 37.0 52.0 0.0 1440.0 5.0 5.0 45.0
15 -2.246 9.797 2.811 -7.327 1 499.0 514.0 0.0 1440.0 6.0 6.0 45.0
16 6.316 -6.617 7.297 -8.218 1 629.0 644.0 0.0 1440.0 6.0 6.0 45.0
17 -6.829 -5.04 2.22 -0.148 3 0.0 1440.0 317.0 332.0 3.0 3.0 45.0
18 -3.481 5.19 0.281 -4.946 1 0.0 1440.0 479.0 494.0 1.0 1.0 45.0
19 -0.053 -7.426 -1.653 -4.282 2 0.0 1440.0 422.0 437.0 2.0 2.0 45.0
20 -0.121 7.85 -0.008 0.238 4 0.0 1440.0 196.0 211.0 4.0 4.0 45.0
21 4.428 4.884 9.216 -0.382 2 0.0 1440.0 599.0 614.0 2.0 2.0 45.0
22 8.423 9.58 -9.495 -0.555 4 111.0 126.0 0.0 1440.0 4.0 4.0 45.0
23 -9.599 -6.015 -0.538 -8.539 2 165.0 180.0 0.0 1440.0 2.0 2.0 45.0
24 -0.906 -8.844 2.455 6.896 3 518.0 533.0 0.0 1440.0 3.0 3.0 45.0
