2 14 6 6 3 1440.0
0.0 0.0
1 -9.571 6.297 6.153 -2.591 1 0.0 1440.0 319.0 334.0 4.0 4.0 45.0
2 1.642 0.706 4.778 -3.97 1 0.0 1440.0 85.0 100.0 6.0 6.0 45.0
3 0.952 4.12 5.73 0.829 1 0.0 1440.0 384.0 399.0 6.0 6.0 45.0
4 -0.445 -1.274 7.923 -4.148 1 0.0 1440.0 79.0 94.0 2.0 2.0 45.0
5 -5.605 6.892 4.767 5.101 1 0.0 1440.0 427.0 442.0 1.0 1.0 45.0
6 6.614 -0.099 1.749 0.734 1 199.0 214.0 0.0 1440.0 1.0 1.0 45.0
7 -6.693 -4.683 2.133 2.033 1 287.0 302.0 0.0 1440.0 6.0 6.0 45.0
8 3.294 -1.101 4.017 -5.666 1 155.0 170.0 0.0 1440.0 6.0 6.0 45.0
9 5.477 -5.867 -5.68 -0.444 1 195.0 210.0 0.0 1440.0 4.0 4.0 45.0
10 1.67 -7.976 6.707 -1.437 1 76.0 91.0 0.0 1440.0 4.0 4.0 45.0
11 -7.266 4.571 -1.578 2.635 1 463.0 478.0 0.0 1440.0 6.0 6.0 45.0
12 5.993 -8.715 -2.21 -5.108 1 492.0 507.0 0.0 1440.0 4.0 4.0 45.0
13 0.665 -7.435 -2.4 4.798 1 401.0 416.0 0.0 1440.0 6.0 6.0 45.0
14 -7.944 1.585 -1.173 -5.92 1 91.0 106.0 0.0 1440.0 6.0 6.0 45.0
15 8.451 9.876 2.608 -8.236 6 0.0 1440.0 550.0 565.0 6.0 6.0 45.0
16 2.92 -3.089 -0.221 8.623 1 0.0 1440.0 164.0 179.0 1.0 1.0 45.0
17 -8.514 -9.367 -7.063 -5.236 3 0.0 1440.0 487.0 502.0 3.0 3.0 45.0
18 6.032 1.04 8.251 -7.056 6 0.0 1440.0 345.0 360.0 6.0 6.0 45.0
19 -2.641 4.08 8.36 -2.008 1 0.0 1440.0 102.0 117.0 1.0 1.0 45.0
20 -9.971 -0.718 -7.536 -4.655 5 196.0 211.0 0.0 1440.0 5.0 5.0 45.0
