3 16 8 4 3 6 1440.0
0.0 0.0
1 -8.593 -8.24 9.844 -6.405 1 0.0 1440.0 401.0 416.0 1.0 1.0 45.0
2 -2.267 -0.471 7.548 4.782 1 0.0 1440.0 133.0 148.0 6.0 6.0 45.0
3 2.906 -3.658 -5.91 2.313 1 0.0 1440.0 204.0 219.0 1.0 1.0 45.0
4 -9.619 -2.55 -6.868 -7.859 1 0.0 1440.0 249.0 264.0 3.0 3.0 45.0
5 -7.389 7.235 -9.587 9.814 1 0.0 1440.0 410.0 425.0 5.0 5.0 45.0
6 4.325 -8.505 -3.465 -9.333 1 0.0 1440.0 112.0 127.0 6.0 6.0 45.0
7 -1.727 -3.649 9.23 5.723 1 0.0 1440.0 319.0 334.0 1.0 1.0 45.0
8 -4.544 -2.463 -9.504 2.737 1 352.0 367.0 0.0 1440.0 3.0 3.0 45.0
9 7.988 9.634 -8.001 -7.01 1 218.0 233.0 0.0 1440.0 5.0 5.0 45.0
10 -1.858 0.809 8.73 -4.623 1 93.0 108.0 0.0 1440.0 6.0 6.0 45.0
11 -7.218 0.974 2.869 -5.724 1 206.0 221.0 0.0 1440.0 5.0 5.0 45.0
12 -2.504 -0.948 -8.192 3.847 1 218.0 233.0 0.0 1440.0 6.0 6.0 45.0
13 -3.075 0.919 -7.013 4.462 1 1.0 16.0 0.0 1440.0 5.0 5.0 45.0
14 1.241 -7.932 3.712 0.875 1 381.0 396.0 0.0 1440.0 6.0 6.0 45.0
15 7.316 -6.325 -5.225 -3.631 1 25.0 40.0 0.0 1440.0 6.0 6.0 45.0
16 -2.22 3.63 1.251 -0.152 1 216.0 231.0 0.0 1440.0 1.0 1.0 45.0
17 -6.08 9.407 1.83 7.635 1 0.0 1440.0 214.0 229.0 1.0 1.0 45.0
18 3.614 -8.727 9.751 -2.094 1 0.0 1440.0 223.0 238.0 1.0 1.0 45.0
19 -0.349 7.203 2.082 3.216 1 0.0 1440.0 349.0 364.0 1.0 1.0 45.0
20 9.126 -2.719 4.459 -1.346 3 0.0 1440.0 155.0 170.0 3.0 3.0 45.0
21 2.848 -4.998 -7.144 4.121 4 0.0 1440.0 153.0 168.0 4.0 4.0 45.0
22 -8.729 6.918 -5.156 2.081 4 324.0 339.0 0.0 1440.0 4.0 4.0 45.0
23 6.52 -1.669 3.003 -2.506 6 39.0 54.0 0.0 1440.0 6.0 6.0 45.0
24 6.792 -5.806 -4.453 -2.289 1 418.0 433.0 0.0 1440.0 1.0 1.0 45.0
