3 20 10 6 4 3 1440.0
0.0 0.0
1 -1.595 3.85 -7.033 -8.567 1 0.0 1440.0 321.0 336.0 4.0 4.0 45.0
2 -5.878 -8.555 -0.206 -6.239 1 0.0 1440.0 577.0 592.0 1.0 1.0 45.0
3 1.076 -8.445 -1.799 8.553 1 0.0 1440.0 322.0 337.0 6.0 6.0 45.0
4 -8.186 3.263 -4.721 5.664 1 0.0 1440.0 181.0 196.0 3.0 3.0 45.0
5 -2.426 8.751 4.677 3.985 1 0.0 1440.0 75.0 90.0 3.0 3.0 45.0
6 -8.813 -0.666 9.868 -7.257 1 0.0 1440.0 212.0 227.0 6.0 6.0 45.0
7 3.039 1.486 -9.765 -3.698 1 0.0 1440.0 536.0 551.0 5.0 5.0 45.0
8 1.349 -0.968 -8.202 -3.81 1 0.0 1440.0 142.0 157.0 3.0 3.0 45.0
9 -7.569 -0.589 6.193 6.992 1 0.0 1440.0 459.0 474.0 5.0 5.0 45.0
10 -6.867 0.014 -8.434 -8.117 1 0.0 1440.0 552.0 567.0 5.0 5.0 45.0
11 -6.984 8.674 6.738 2.35 1 461.0 476.0 0.0 1440.0 6.0 6.0 45.0
12 8.557 7.329 2.519 0.043 1 357.0 372.0 0.0 1440.0 6.0 6.0 45.0
13 -9.101 -9.639 8.792 0.309 1 387.0 402.0 0.0 1440.0 5.0 5.0 45.0
14 -4.354 5.919 8.916 5.66 1 309.0 324.0 0.0 1440.0 1.0 1.0 45.0
15 0.234 -9.792 4.722 -2.437 1 513.0 528.0 0.0 1440.0 2.0 2.0 45.0
16 -9.209 -0.801 3.006 5.817 1 150.0 165.0 0.0 1440.0 4.0 4.0 45.0
17 -7.913 -6.334 7.259 0.294 1 535.0 550.0 0.0 1440.0 4.0 4.0 45.0
18 7.983 4.553 -9.368 8.191 1 521.0 536.0 0.0 1440.0 3.0 3.0 45.0
19 7.22 2.324 -1.014 -3.58 1 70.0 85.0 0.0 1440.0 2.0 2.0 45.0
20 6.465 -7.602 9.829 5.516 1 140.0 155.0 0.0 1440.0 4.0 4.0 45.0
21 -4.181 -2.523 4.352 -1.328 3 0.0 1440.0 133.0 148.0 3.0 3.0 45.0
22 1.189 0.748 8.319 -9.858 4 0.0 1440.0 308.0 323.0 4.0 4.0 45.0
23 -1.249 -3.589 2.609 4.114 1 0.0 1440.0 239.0 254.0 1.0 1.0 45.0
24 -4.101 4.841 0.834 -2.656 5 0.0 1440.0 483.0 498.0 5.0 5.0 45.0
25 -2.948 4.56 -4.216 7.799 2 0.0 1440.0 210.0 225.0 2.0 2.0 45.0
26 -1.759 5.026 0.17 7.272 5 112.0 127.0 0.0 1440.0 5.0 5.0 45.0
27 4.466 -1.792 -6.185 3.14 5 207.0 222.0 0.0 1440.0 5.0 5.0 45.0
28 9.984 -5.649 1.177 -9.656 1 3.0 18.0 0.0 1440.0 1.0 1.0 45.0
29 4.698 9.051 -2.868 0.617 1 535.0 550.0 0.0 1440.0 1.0 1.0 45.0
30 1.979 3.78 -5.213 6.33 2 412.0 427.0 0.0 1440.0 2.0 2.0 45.0
