3 24 12 3 4 6 1440.0
0.0 0.0
1 -1.286 -8.642 -0.084 -5.493 1 0.0 1440.0 563.0 578.0 1.0 1.0 45.0
2 -2.388 2.928 3.772 -1.029 1 0.0 1440.0 570.0 585.0 6.0 6.0 45.0
3 -5.315 7.974 8.247 -1.561 1 0.0 1440.0 109.0 124.0 1.0 1.0 45.0
4 -6.558 -7.537 -4.401 -8.847 1 0.0 1440.0 660.0 675.0 6.0 6.0 45.0
5 -5.429 3.211 -5.096 -0.126 1 0.0 1440.0 647.0 662.0 6.0 6.0 45.0
6 2.886 2.041 -3.55 -4.186 1 0.0 1440.0 385.0 400.0 5.0 5.0 45.0
7 -8.274 -1.433 -9.894 9.7 1 0.0 1440.0 381.0 396.0 3.0 3.0 45.0
8 -8.359 7.694 -4.064 -4.058 1 0.0 1440.0 516.0 531.0 6.0 6.0 45.0
9 5.061 9.875 -7.142 7.524 1 0.0 1440.0 608.0 623.0 2.0 2.0 45.0
10 0.027 -7.192 8.882 8.594 1 0.0 1440.0 419.0 434.0 6.0 6.0 45.0
11 -9.239 9.562 -8.773 -9.364 1 117.0 132.0 0.0 1440.0 6.0 6.0 45.0
12 7.725 2.155 4.938 9.719 1 350.0 365.0 0.0 1440.0 2.0 2.0 45.0
13 -9.449 -8.047 2.002 -2.167 1 630.0 645.0 0.0 1440.0 4.0 4.0 45.0
14 -5.304 6.799 -0.878 -8.015 1 97.0 112.0 0.0 1440.0 5.0 5.0 45.0
15 -8.175 7.879 4.728 3.98 1 73.0 88.0 0.0 1440.0 5.0 5.0 45.0
16 -5.408 4.217 4.998 -3.455 1 195.0 210.0 0.0 1440.0 1.0 1.0 45.0
17 -4.345 -2.336 3.366 -6.354 1 263.0 278.0 0.0 1440.0 3.0 3.0 45.0
18 -9.779 7.117 1.406 7.02 1 419.0 434.0 0.0 1440.0 5.0 5.0 45.0
19 9.984 -0.909 2.081 -5.824 1 201.0 216.0 0.0 1440.0 4.0 4.0 45.0
20 -2.788 0.267 0.73 -8.571 1 432.0 447.0 0.0 1440.0 6.0 6.0 45.0
21 -2.644 -3.536 -7.07 5.02 1 434.0 449.0 0.0 1440.0 2.0 2.0 45.0
22 -6.984 -5.421 -3.203 -9.867 1 593.0 608.0 0.0 1440.0 2.0 2.0 45.0
23 -1.96 2.542 5.095 -1.138 1 616.0 631.0 0.0 1440.0 1.0 1.0 45.0
24 -5.869 -0.589 -2.696 4.398 1 220.0 235.0 0.0 1440.0 3.0 3.0 45.0
25 9.969 -6.246 -7.938 -6.618 2 0.0 1440.0 340.0 355.0 2.0 2.0 45.0
26 -4.132 6.089 -7.64 -0.915 2 0.0 1440.0 373.0 388.0 2.0 2.0 45.0
27 -0.984 7.711 3.345 1.616 5 0.0 1440.0 157.0 172.0 5.0 5.0 45.0
28 -2.311 -4.698 4.547 3.934 2 0.0 1440.0 144.0 159.0 2.0 2.0 45.0
29 7.391 -5.699 -2.502 3.48 5 0.0 1440.0 345.0 360.0 5.0 5.0 45.0
30 6.187 -8.006 -1.418 -0.602 6 0.0 1440.0 72.0 87.0 6.0 6.0 45.0
31 -2.333 -2.718 1.342 9.708 6 0.0 1440.0 134.0 149.0 6.0 6.0 45.0
32 -1.209 7.289 -9.776 -3.515 2 0.0 1440.0 596.0 611.0 2.0 2.0 45.0
33 0.535 7.992 -8.263 3.343 1 546.0 561.0 0.0 1440.0 1.0 1.0 45.0
34 8.69 -5.809 6.367 8.252 6 97.0 112.0 0.0 1440.0 6.0 6.0 45.0
35 -2.882 -9.178 2.158 -5.003 2 503.0 518.0 0.0 1440.0 2.0 2.0 45.0
36 2.856 0.051 -6.199 -8.053 3 12.0 27.0 0.0 1440.0 3.0 3.0 45.0
