4 22 10 6 4 5 3 1440.0
0.0 0.0
1 1.273 0.225 -9.793 -9.561 1 0.0 1440.0 442.0 457.0 2.0 2.0 45.0
2 -7.001 6.288 -8.324 7.676 1 0.0 1440.0 133.0 148.0 4.0 4.0 45.0
3 -1.235 -0.139 5.448 3.795 1 0.0 1440.0 113.0 128.0 3.0 3.0 45.0
4 4.587 -6.537 8.215 -5.188 1 0.0 1440.0 209.0 224.0 6.0 6.0 45.0
5 2.606 4.561 -8.994 -5.982 1 0.0 1440.0 439.0 454.0 3.0 3.0 45.0
6 3.176 4.243 5.866 -6.962 1 0.0 1440.0 69.0 84.0 3.0 3.0 45.0
7 -3.707 9.4 -5.752 -0.244 1 0.0 1440.0 424.0 439.0 3.0 3.0 45.0
8 7.601 9.707 2.816 -2.877 1 0.0 1440.0 444.0 459.0 4.0 4.0 45.0
9 -3.056 -4.515 7.097 -6.298 1 0.0 1440.0 66.0 81.0 4.0 4.0 45.0
10 -8.695 -7.963 -7.332 5.865 1 0.0 1440.0 236.0 251.0 3.0 3.0 45.0
11 4.66 -4.996 9.862 -1.097 1 0.0 1440.0 352.0 367.0 1.0 1.0 45.0
12 0.088 8.913 -0.807 -0.512 1 167.0 182.0 0.0 1440.0 6.0 6.0 45.0
13 -2.458 -9.212 6.551 -2.751 1 286.0 301.0 0.0 1440.0 2.0 2.0 45.0
14 -3.715 0.746 0.618 1.77 1 16.0 31.0 0.0 1440.0 5.0 5.0 45.0
15 2.801 -6.524 5.625 4.839 1 213.0 228.0 0.0 1440.0 4.0 4.0 45.0
16 -6.023 0.024 -3.849 -1.019 1 271.0 286.0 0.0 1440.0 5.0 5.0 45.0
17 0.531 7.619 -7.828 1.319 1 27.0 42.0 0.0 1440.0 3.0 3.0 45.0
18 6.52 -8.145 -9.722 9.996 1 280.0 295.0 0.0 1440.0 5.0 5.0 45.0
19 0.158 9.496 9.093 -9.817 1 305.0 320.0 0.0 1440.0 3.0 3.0 45.0
20 3.107 9.692 1.72 5.225 1 300.0 315.0 0.0 1440.0 5.0 5.0 45.0
21 5.204 -8.378 -8.906 -2.886 1 191.0 206.0 0.0 1440.0 6.0 6.0 45.0
22 -1.456 -6.415 -6.519 -1.96 1 244.0 259.0 0.0 1440.0 2.0 2.0 45.0
23 1.214 -4.97 -9.297 1.494 5 0.0 1440.0 61.0 76.0 5.0 5.0 45.0
24 -2.881 -1.272 6.937 -0.902 1 0.0 1440.0 457.0 472.0 1.0 1.0 45.0
25 -4.541 1.412 6.958 -3.905 2 0.0 1440.0 237.0 252.0 2.0 2.0 45.0
26 -6.244 -0.478 -8.347 -9.956 6 0.0 1440.0 461.0 476.0 6.0 6.0 45.0
27 -5.763 6.758 -3.552 2.965 5 0.0 1440.0 414.0 429.0 5.0 5.0 45.0
28 -6.354 -7.882 -4.858 -7.442 5 22.0 37.0 0.0 1440.0 5.0 5.0 45.0
29 -5.033 1.91 5.706 5.712 3 130.0 145.0 0.0 1440.0 3.0 3.0 45.0
30 6.293 6.494 -5.191 3.912 5 124.0 139.0 0.0 1440.0 5.0 5.0 45.0
31 3.344 -0.624 3.326 5.199 4 94.0 109.0 0.0 1440.0 4.0 4.0 45.0
32 -7.41 -6.621 6.771 -7.718 4 370.0 385.0 0.0 1440.0 4.0 4.0 45.0
