4 27 13 6 3 5 4 1440.0
0.0 0.0
1 -1.533 8.379 1.496 -7.824 1 0.0 1440.0 182.0 197.0 6.0 6.0 45.0
2 -8.564 -2.194 -0.389 -4.758 1 0.0 1440.0 77.0 92.0 1.0 1.0 45.0
3 2.316 0.748 -0.852 -9.878 1 0.0 1440.0 361.0 376.0 5.0 5.0 45.0
4 -8.674 0.295 4.211 7.667 1 0.0 1440.0 193.0 208.0 1.0 1.0 45.0
5 1.06 -0.781 1.116 2.184 1 0.0 1440.0 241.0 256.0 5.0 5.0 45.0
6 2.213 -4.008 -7.167 1.781 1 0.0 1440.0 127.0 142.0 3.0 3.0 45.0
7 -5.74 -1.4 8.765 -1.765 1 0.0 1440.0 485.0 500.0 2.0 2.0 45.0
8 -2.351 -2.672 -1.537 6.868 1 0.0 1440.0 108.0 123.0 1.0 1.0 45.0
9 3.183 3.888 -1.099 -8.217 1 0.0 1440.0 581.0 596.0 6.0 6.0 45.0
10 8.096 8.148 -3.49 -6.442 1 0.0 1440.0 492.0 507.0 2.0 2.0 45.0
11 -6.59 6.293 8.477 7.473 1 369.0 384.0 0.0 1440.0 1.0 1.0 45.0
12 3.685 -7.841 -1.733 -8.987 1 75.0 90.0 0.0 1440.0 2.0 2.0 45.0
13 -6.634 5.665 -0.738 -1.448 1 8.0 23.0 0.0 1440.0 6.0 6.0 45.0
14 -6.325 -0.792 2.565 7.563 1 171.0 186.0 0.0 1440.0 5.0 5.0 45.0
15 7.423 2.854 2.445 5.571 1 526.0 541.0 0.0 1440.0 5.0 5.0 45.0
16 2.128 7.961 9.412 -1.579 1 501.0 516.0 0.0 1440.0 6.0 6.0 45.0
17 -7.883 -3.154 0.57 -5.724 1 323.0 338.0 0.0 1440.0 4.0 4.0 45.0
18 -6.947 3.191 -2.823 2.261 1 203.0 218.0 0.0 1440.0 2.0 2.0 45.0
19 8.605 9.984 -7.836 1.459 1 431.0 446.0 0.0 1440.0 6.0 6.0 45.0
20 0.944 5.398 -0.138 -1.095 1 331.0 346.0 0.0 1440.0 6.0 6.0 45.0
21 -2.515 -7.146 -9.599 4.331 1 389.0 404.0 0.0 1440.0 2.0 2.0 45.0
22 -3.689 -0.613 1.759 -2.446 1 348.0 363.0 0.0 1440.0 5.0 5.0 45.0
23 -1.09 -3.029 -1.575 -1.106 1 127.0 142.0 0.0 1440.0 6.0 6.0 45.0
24 -5.12 4.567 0.828 -9.721 1 346.0 361.0 0.0 1440.0 6.0 6.0 45.0
25 2.562 3.252 -2.783 5.416 1 484.0 499.0 0.0 1440.0 1.0 1.0 45.0
26 -0.146 -0.311 -2.141 9.242 1 113.0 128.0 0.0 1440.0 5.0 5.0 45.0
27 7.004 9.997 3.873 -6.025 1 536.0 551.0 0.0 1440.0 1.0 1.0 45.0
28 7.593 -1.883 5.136 6.643 6 0.0 1440.0 72.0 87.0 6.0 6.0 45.0
29 -1.501 4.942 -2.269 4.328 6 0.0 1440.0 150.0 165.0 6.0 6.0 45.0
30 -9.308 9.297 9.539 8.338 4 0.0 1440.0 91.0 106.0 4.0 4.0 45.0
31 9.82 6.341 8.57 -2.063 5 0.0 1440.0 406.0 421.0 5.0 5.0 45.0
32 -1.032 -8.876 -6.288 -6.091 6 0.0 1440.0 45.0 60.0 6.0 6.0 45.0
33 -2.192 9.568 8.733 -2.896 6 0.0 1440.0 381.0 396.0 6.0 6.0 45.0
34 -1.172 -6.025 -4.463 -2.793 3 0.0 1440.0 75.0 90.0 3.0 3.0 45.0
35 -0.627 -4.539 8.288 -9.879 6 0.0 1440.0 581.0 596.0 6.0 6.0 45.0
36 1.846 4.063 9.736 -7.859 6 0.0 1440.0 482.0 497.0 6.0 6.0 45.0
37 -5.872 -4.814 2.86 0.12 2 0.0 1440.0 453.0 468.0 2.0 2.0 45.0
38 -2.918 -8.757 4.95 -7.253 2 16.0 31.0 0.0 1440.0 2.0 2.0 45.0
39 -1.82 -9.934 7.559 -8.63 3 129.0 144.0 0.0 1440.0 3.0 3.0 45.0
40 2.131 -8.247 -6.407 2.197 2 312.0 327.0 0.0 1440.0 2.0 2.0 45.0
