4 32 16 6 3 5 4 1440.0
0.0 0.0
1 5.48 9.963 -3.962 -9.532 1 0.0 1440.0 343.0 358.0 1.0 1.0 45.0
2 4.256 -6.015 3.669 -1.11 1 0.0 1440.0 78.0 93.0 4.0 4.0 45.0
3 -4.161 -7.153 7.877 8.117 1 0.0 1440.0 584.0 599.0 5.0 5.0 45.0
4 -5.084 -2.769 6.729 -2.237 1 0.0 1440.0 172.0 187.0 5.0 5.0 45.0
5 -5.891 6.004 -9.255 -3.508 1 0.0 1440.0 328.0 343.0 2.0 2.0 45.0
6 -0.747 -4.579 -8.496 8.817 1 0.0 1440.0 334.0 349.0 1.0 1.0 45.0
7 -4.622 8.589 -1.87 -4.368 1 0.0 1440.0 253.0 268.0 6.0 6.0 45.0
8 2.811 9.653 5.21 8.232 1 0.0 1440.0 88.0 103.0 5.0 5.0 45.0
9 1.925 -2.945 4.891 -9.743 1 0.0 1440.0 366.0 381.0 1.0 1.0 45.0
10 9.48 7.325 9.738 5.432 1 0.0 1440.0 463.0 478.0 2.0 2.0 45.0
11 -3.771 2.146 2.278 7.771 1 0.0 1440.0 642.0 657.0 5.0 5.0 45.0
12 5.92 3.312 -0.7 5.573 1 0.0 1440.0 287.0 302.0 3.0 3.0 45.0
13 6.887 -3.257 4.535 -3.67 1 0.0 1440.0 433.0 448.0 1.0 1.0 45.0
14 4.617 -3.33 2.052 -8.328 1 0.0 1440.0 352.0 367.0 4.0 4.0 45.0
15 1.404 -0.954 1.789 -1.271 1 432.0 447.0 0.0 1440.0 3.0 3.0 45.0
16 -8.59 -4.607 3.45 3.556 1 62.0 77.0 0.0 1440.0 4.0 4.0 45.0
17 1.659 1.183 -2.859 -5.029 1 617.0 632.0 0.0 1440.0 1.0 1.0 45.0
18 0.832 -4.571 -9.453 7.503 1 585.0 600.0 0.0 1440.0 1.0 1.0 45.0
19 -3.189 -0.473 3.623 5.857 1 552.0 567.0 0.0 1440.0 1.0 1.0 45.0
20 -1.028 0.198 -6.237 4.365 1 46.0 61.0 0.0 1440.0 6.0 6.0 45.0
21 6.247 -1.439 -1.022 -2.57 1 372.0 387.0 0.0 1440.0 5.0 5.0 45.0
22 -3.855 0.875 -3.741 9.395 1 554.0 569.0 0.0 1440.0 2.0 2.0 45.0
23 2.772 7.352 6.144 8.201 1 645.0 660.0 0.0 1440.0 5.0 5.0 45.0
24 -7.787 9.31 -4.715 2.411 1 548.0 563.0 0.0 1440.0 6.0 6.0 45.0
25 3.831 -4.393 5.898 -7.608 1 645.0 660.0 0.0 1440.0 1.0 1.0 45.0
26 8.27 -8.628 5.78 1.465 1 583.0 598.0 0.0 1440.0 1.0 1.0 45.0
27 -7.05 8.519 -0.3 -1.443 1 60.0 75.0 0.0 1440.0 4.0 4.0 45.0
28 -1.887 1.32 -4.242 3.927 1 6.0 21.0 0.0 1440.0 4.0 4.0 45.0
29 -4.947 -8.17 1.645 2.322 1 55.0 70.0 0.0 1440.0 4.0 4.0 45.0
30 3.238 7.451 -1.386 4.61 1 616.0 631.0 0.0 1440.0 1.0 1.0 45.0
31 7.887 -2.277 6.362 6.406 1 653.0 668.0 0.0 1440.0 2.0 2.0 45.0
32 8.252 -4.428 3.032 -0.428 1 523.0 538.0 0.0 1440.0 3.0 3.0 45.0
33 -5.772 -4.741 -3.198 -3.472 6 0.0 1440.0 253.0 268.0 6.0 6.0 45.0
34 -3.533 -5.755 3.691 7.926 2 0.0 1440.0 348.0 363.0 2.0 2.0 45.0
35 -4.101 -7.617 2.127 -4.138 4 0.0 1440.0 136.0 151.0 4.0 4.0 45.0
36 4.897 -0.437 6.823 -9.844 2 0.0 1440.0 261.0 276.0 2.0 2.0 45.0
37 -3.531 -9.747 -0.183 0.714 3 0.0 1440.0 184.0 199.0 3.0 3.0 45.0
38 9.924 7.892 -8.0 -6.091 4 0.0 1440.0 353.0 368.0 4.0 4.0 45.0
39 -0.145 -1.667 8.768 -2.253 1 0.0 1440.0 679.0 694.0 1.0 1.0 45.0
40 7.101 5.952 -2.407 -5.669 5 0.0 1440.0 401.0 416.0 5.0 5.0 45.0
41 -1.792 1.542 9.465 -5.788 2 0.0 1440.0 643.0 658.0 2.0 2.0 45.0
42 -2.997 -0.557 9.405 -4.408 2 0.0 1440.0 318.0 333.0 2.0 2.0 45.0
43 2.31 3.25 9.6 9.053 2 441.0 456.0 0.0 1440.0 2.0 2.0 45.0
44 5.938 3.195 -9.543 -4.535 5 513.0 528.0 0.0 1440.0 5.0 5.0 45.0
45 3.666 -4.186 -0.527 -5.459 3 367.0 382.0 0.0 1440.0 3.0 3.0 45.0
46 -8.654 -2.731 -8.359 8.699 6 30.0 45.0 0.0 1440.0 6.0 6.0 45.0
47 -2.988 -7.029 -6.542 -3.679 5 86.0 101.0 0.0 1440.0 5.0 5.0 45.0
48 2.295 -7.846 -2.909 5.266 5 594.0 609.0 0.0 1440.0 5.0 5.0 45.0
