5 27 13 6 5 4 3 4 1440.0
0.0 0.0
1 7.756 8.064 9.336 5.666 1 0.0 1440.0 264.0 279.0 2.0 2.0 45.0
2 3.783 -6.789 3.136 -1.668 1 0.0 1440.0 250.0 265.0 2.0 2.0 45.0
3 -6.292 5.629 8.939 -3.081 1 0.0 1440.0 53.0 68.0 3.0 3.0 45.0
4 6.716 5.982 3.082 2.813 1 0.0 1440.0 357.0 372.0 6.0 6.0 45.0
5 -4.594 0.049 3.538 -8.572 1 0.0 1440.0 178.0 193.0 5.0 5.0 45.0
6 4.99 6.488 -1.241 -3.794 1 0.0 1440.0 217.0 232.0 1.0 1.0 45.0
7 -4.186 7.712 8.379 -5.242 1 0.0 1440.0 105.0 120.0 4.0 4.0 45.0
8 4.144 2.495 7.194 -5.807 1 0.0 1440.0 169.0 184.0 6.0 6.0 45.0
9 5.242 6.276 -4.369 2.954 1 0.0 1440.0 211.0 226.0 4.0 4.0 45.0
10 5.821 -6.753 7.639 7.627 1 0.0 1440.0 160.0 175.0 1.0 1.0 45.0
11 -3.296 -5.52 -6.189 -1.138 1 341.0 356.0 0.0 1440.0 1.0 1.0 45.0
12 -2.182 3.461 7.231 -9.687 1 253.0 268.0 0.0 1440.0 1.0 1.0 45.0
13 -3.738 -4.306 1.958 -9.031 1 115.0 130.0 0.0 1440.0 6.0 6.0 45.0
14 8.866 1.142 4.221 5.142 1 32.0 47.0 0.0 1440.0 3.0 3.0 45.0
15 -6.951 9.17 -7.003 -3.704 1 413.0 428.0 0.0 1440.0 1.0 1.0 45.0
16 1.801 -6.5 -2.672 6.281 1 138.0 153.0 0.0 1440.0 5.0 5.0 45.0
17 2.549 -6.183 -5.992 -3.99 1 110.0 125.0 0.0 1440.0 2.0 2.0 45.0
18 -0.702 0.399 0.418 -9.559 1 369.0 384.0 0.0 1440.0 2.0 2.0 45.0
19 -8.028 -9.43 -1.39 -8.857 1 25.0 40.0 0.0 1440.0 5.0 5.0 45.0
20 -9.169 -1.478 -3.293 -5.669 1 98.0 113.0 0.0 1440.0 1.0 1.0 45.0
21 0.918 -1.28 5.537 4.735 1 273.0 288.0 0.0 1440.0 1.0 1.0 45.0
22 9.977 -6.376 9.639 7.176 1 318.0 333.0 0.0 1440.0 2.0 2.0 45.0
23 -8.674 9.766 5.138 -8.104 1 308.0 323.0 0.0 1440.0 5.0 5.0 45.0
24 -6.909 -8.621 7.111 1.613 1 91.0 106.0 0.0 1440.0 1.0 1.0 45.0
25 6.325 9.904 2.36 -4.956 1 30.0 45.0 0.0 1440.0 3.0 3.0 45.0
26 8.086 -8.91 -2.928 -8.29 1 94.0 109.0 0.0 1440.0 2.0 2.0 45.0
27 3.637 -4.456 -7.321 3.403 1 38.0 53.0 0.0 1440.0 2.0 2.0 45.0
28 0.783 7.904 -3.699 -6.682 5 0.0 1440.0 318.0 333.0 5.0 5.0 45.0
29 6.294 -6.825 -6.57 -8.889 6 0.0 1440.0 368.0 383.0 6.0 6.0 45.0
30 3.856 9.126 7.654 -8.413 3 0.0 1440.0 60.0 75.0 3.0 3.0 45.0
31 -4.188 6.098 5.568 -6.284 6 0.0 1440.0 309.0 324.0 6.0 6.0 45.0
32 6.74 6.022 5.18 9.915 5 0.0 1440.0 329.0 344.0 5.0 5.0 45.0
33 5.305 1.216 0.147 4.431 4 0.0 1440.0 456.0 471.0 4.0 4.0 45.0
34 5.188 8.944 -0.51 3.253 2 0.0 1440.0 97.0 112.0 2.0 2.0 45.0
35 -2.75 -8.194 5.339 -7.121 1 0.0 1440.0 235.0 250.0 1.0 1.0 45.0
36 -6.707 -7.842 8.974 9.275 4 0.0 1440.0 443.0 458.0 4.0 4.0 45.0
37 0.533 4.707 3.611 -2.979 6 0.0 1440.0 420.0 435.0 6.0 6.0 45.0
38 8.093 7.199 0.583 -6.213 4 339.0 354.0 0.0 1440.0 4.0 4.0 45.0
39 3.353 -4.405 2.725 -6.248 4 234.0 249.0 0.0 1440.0 4.0 4.0 45.0
40 6.887 7.241 7.601 -7.518 1 218.0 233.0 0.0 1440.0 1.0 1.0 45.0
