5 34 16 6 5 4 3 4 1440.0
0.0 0.0
1 -8.824 2.653 1.97 3.003 1 0.0 1440.0 176.0 191.0 3.0 3.0 45.0
2 -8.019 -1.672 4.748 -9.003 1 0.0 1440.0 163.0 178.0 4.0 4.0 45.0
3 8.239 1.953 -2.487 -6.738 1 0.0 1440.0 252.0 267.0 4.0 4.0 45.0
4 -0.305 8.214 -4.666 -8.353 1 0.0 1440.0 291.0 306.0 3.0 3.0 45.0
5 -0.669 -8.789 -2.9 -1.014 1 0.0 1440.0 215.0 230.0 6.0 6.0 45.0
6 6.677 -1.168 4.276 -9.573 1 0.0 1440.0 483.0 498.0 6.0 6.0 45.0
7 4.402 9.991 -5.528 -9.425 1 0.0 1440.0 155.0 170.0 6.0 6.0 45.0
8 1.844 0.863 -4.638 -9.324 1 0.0 1440.0 311.0 326.0 2.0 2.0 45.0
9 -8.967 -5.238 -3.173 1.238 1 0.0 1440.0 147.0 162.0 4.0 4.0 45.0
10 -1.462 2.508 0.117 1.171 1 0.0 1440.0 122.0 137.0 2.0 2.0 45.0
11 -7.6 -7.425 -0.339 -9.272 1 0.0 1440.0 349.0 364.0 5.0 5.0 45.0
12 7.315 6.622 -2.95 -1.821 1 0.0 1440.0 110.0 125.0 3.0 3.0 45.0
13 8.054 -7.398 -5.34 2.402 1 0.0 1440.0 135.0 150.0 1.0 1.0 45.0
14 -6.54 0.196 -7.382 -1.777 1 0.0 1440.0 134.0 149.0 5.0 5.0 45.0
15 2.011 3.435 -7.606 -5.481 1 0.0 1440.0 551.0 566.0 5.0 5.0 45.0
16 -2.605 -1.577 5.965 -0.03 1 97.0 112.0 0.0 1440.0 6.0 6.0 45.0
17 -8.77 0.678 4.009 7.852 1 496.0 511.0 0.0 1440.0 1.0 1.0 45.0
18 -3.767 -2.734 6.104 6.429 1 30.0 45.0 0.0 1440.0 2.0 2.0 45.0
19 9.747 -6.484 6.338 3.182 1 461.0 476.0 0.0 1440.0 1.0 1.0 45.0
20 1.943 3.046 -1.747 -9.634 1 262.0 277.0 0.0 1440.0 6.0 6.0 45.0
21 -6.006 -6.252 9.453 4.672 1 160.0 175.0 0.0 1440.0 6.0 6.0 45.0
22 3.075 -3.822 7.568 6.139 1 508.0 523.0 0.0 1440.0 1.0 1.0 45.0
23 -9.213 4.927 -3.334 -1.947 1 519.0 534.0 0.0 1440.0 1.0 1.0 45.0
24 -0.227 -5.298 -2.033 -7.18 1 78.0 93.0 0.0 1440.0 3.0 3.0 45.0
25 2.559 -7.621 2.327 6.308 1 531.0 546.0 0.0 1440.0 3.0 3.0 45.0
26 -2.755 -5.649 7.0 -7.829 1 201.0 216.0 0.0 1440.0 2.0 2.0 45.0
27 -8.575 0.288 4.229 7.018 1 170.0 185.0 0.0 1440.0 3.0 3.0 45.0
28 -8.905 4.94 2.074 -6.526 1 52.0 67.0 0.0 1440.0 3.0 3.0 45.0
29 -6.842 -7.987 0.625 -9.59 1 492.0 507.0 0.0 1440.0 6.0 6.0 45.0
30 8.095 5.227 -3.708 -7.554 1 7.0 22.0 0.0 1440.0 3.0 3.0 45.0
31 -0.108 4.51 -0.111 -9.82 1 38.0 53.0 0.0 1440.0 3.0 3.0 45.0
32 -3.508 8.126 -9.626 -9.228 1 476.0 491.0 0.0 1440.0 6.0 6.0 45.0
33 -6.615 -0.286 9.638 8.325 1 488.0 503.0 0.0 1440.0 1.0 1.0 45.0
34 -9.495 4.059 -5.226 5.731 1 68.0 83.0 0.0 1440.0 3.0 3.0 45.0
35 7.443 -1.283 6.059 -5.107 4 0.0 1440.0 64.0 79.0 4.0 4.0 45.0
36 6.308 -3.222 2.199 -9.617 6 0.0 1440.0 173.0 188.0 6.0 6.0 45.0
37 8.505 9.654 2.086 1.158 2 0.0 1440.0 252.0 267.0 2.0 2.0 45.0
38 6.018 -6.25 -7.468 -5.265 3 0.0 1440.0 422.0 437.0 3.0 3.0 45.0
39 -4.54 -3.827 -6.266 2.238 2 0.0 1440.0 193.0 208.0 2.0 2.0 45.0
40 6.993 -9.766 -3.903 -4.678 3 0.0 1440.0 333.0 348.0 3.0 3.0 45.0
41 -3.939 0.205 3.704 -3.706 6 0.0 1440.0 512.0 527.0 6.0 6.0 45.0
42 6.995 -7.367 -1.28 5.21 4 0.0 1440.0 348.0 363.0 4.0 4.0 45.0
43 -5.666 8.329 9.699 -4.455 3 0.0 1440.0 492.0 507.0 3.0 3.0 45.0
44 6.934 4.348 -9.809 6.925 1 0.0 1440.0 343.0 358.0 1.0 1.0 45.0
45 -9.737 -6.937 -9.758 -7.135 4 125.0 140.0 0.0 1440.0 4.0 4.0 45.0
46 -0.824 5.592 -7.158 2.692 5 444.0 459.0 0.0 1440.0 5.0 5.0 45.0
47 -7.756 7.252 -9.926 -1.578 5 477.0 492.0 0.0 1440.0 5.0 5.0 45.0
48 3.467 4.28 6.695 8.17 6 70.0 85.0 0.0 1440.0 6.0 6.0 45.0
49 -9.736 -1.28 -3.73 -7.722 3 209.0 224.0 0.0 1440.0 3.0 3.0 45.0
50 6.012 2.411 7.112 0.522 6 521.0 536.0 0.0 1440.0 6.0 6.0 45.0
