5 40 20 6 5 4 3 4 1440.0
0.0 0.0
1 -1.35 3.404 5.876 8.986 1 0.0 1440.0 409.0 424.0 3.0 3.0 45.0
2 9.834 9.963 3.242 2.143 1 0.0 1440.0 560.0 575.0 1.0 1.0 45.0
3 6.979 -5.21 -8.783 -8.25 1 0.0 1440.0 432.0 447.0 6.0 6.0 45.0
4 -9.112 -9.463 -4.162 -4.322 1 0.0 1440.0 675.0 690.0 3.0 3.0 45.0
5 7.409 -3.701 -9.291 -4.984 1 0.0 1440.0 457.0 472.0 3.0 3.0 45.0
6 -9.153 -5.629 -5.18 1.218 1 0.0 1440.0 588.0 603.0 1.0 1.0 45.0
7 4.621 5.185 9.85 5.714 1 0.0 1440.0 443.0 458.0 1.0 1.0 45.0
8 6.373 -6.167 -8.424 -9.256 1 0.0 1440.0 261.0 276.0 4.0 4.0 45.0
9 -5.532 4.059 -6.319 3.252 1 0.0 1440.0 236.0 251.0 1.0 1.0 45.0
10 0.895 8.426 -9.736 4.377 1 0.0 1440.0 597.0 612.0 6.0 6.0 45.0
11 -4.554 2.444 6.336 7.224 1 0.0 1440.0 479.0 494.0 1.0 1.0 45.0
12 6.237 4.75 6.592 -9.93 1 0.0 1440.0 293.0 308.0 6.0 6.0 45.0
13 -3.381 4.96 4.551 3.019 1 0.0 1440.0 641.0 656.0 3.0 3.0 45.0
14 -9.401 -8.23 1.42 4.658 1 0.0 1440.0 179.0 194.0 2.0 2.0 45.0
15 -9.543 -5.654 5.567 8.883 1 0.0 1440.0 147.0 162.0 3.0 3.0 45.0
16 5.613 9.435 5.39 -1.943 1 0.0 1440.0 693.0 708.0 4.0 4.0 45.0
17 -8.77 6.245 -1.149 5.98 1 0.0 1440.0 493.0 508.0 3.0 3.0 45.0
18 6.574 -3.496 -0.841 8.344 1 0.0 1440.0 413.0 428.0 2.0 2.0 45.0
19 -7.575 -3.256 -5.726 -3.229 1 0.0 1440.0 595.0 610.0 1.0 1.0 45.0
20 -0.13 2.078 8.77 -0.695 1 154.0 169.0 0.0 1440.0 3.0 3.0 45.0
21 -1.041 3.543 -1.943 -4.796 1 81.0 96.0 0.0 1440.0 2.0 2.0 45.0
22 8.785 8.006 -2.438 -3.083 1 216.0 231.0 0.0 1440.0 2.0 2.0 45.0
23 -7.998 5.725 -7.379 -1.494 1 644.0 659.0 0.0 1440.0 1.0 1.0 45.0
24 -6.885 -4.257 -9.97 5.193 1 414.0 429.0 0.0 1440.0 3.0 3.0 45.0
25 9.885 -9.373 8.293 3.428 1 153.0 168.0 0.0 1440.0 2.0 2.0 45.0
26 -9.535 -9.105 1.201 6.19 1 61.0 76.0 0.0 1440.0 6.0 6.0 45.0
27 5.732 -4.75 9.389 9.548 1 508.0 523.0 0.0 1440.0 2.0 2.0 45.0
28 -5.167 -6.932 -5.992 -4.54 1 216.0 231.0 0.0 1440.0 6.0 6.0 45.0
29 0.125 -1.153 3.329 -7.647 1 595.0 610.0 0.0 1440.0 3.0 3.0 45.0
30 -6.618 -1.658 9.615 -1.368 1 467.0 482.0 0.0 1440.0 6.0 6.0 45.0
31 -5.958 -6.911 -4.315 9.482 1 238.0 253.0 0.0 1440.0 6.0 6.0 45.0
32 -9.219 6.906 -8.653 0.028 1 26.0 41.0 0.0 1440.0 1.0 1.0 45.0
33 8.981 -9.595 -3.748 -2.677 1 645.0 660.0 0.0 1440.0 5.0 5.0 45.0
34 -8.519 -4.747 8.926 -5.43 1 105.0 120.0 0.0 1440.0 6.0 6.0 45.0
35 1.659 2.594 -6.123 3.643 1 439.0 454.0 0.0 1440.0 2.0 2.0 45.0
36 -7.144 4.661 -2.606 9.763 1 578.0 593.0 0.0 1440.0 6.0 6.0 45.0
37 -9.448 -6.217 6.402 -9.043 1 616.0 631.0 0.0 1440.0 2.0 2.0 45.0
38 -9.475 7.594 -4.793 -4.222 1 528.0 543.0 0.0 1440.0 3.0 3.0 45.0
39 5.099 -3.461 2.72 -0.24 1 130.0 145.0 0.0 1440.0 4.0 4.0 45.0
40 -2.709 -9.638 3.035 1.074 1 134.0 149.0 0.0 1440.0 5.0 5.0 45.0
41 -4.312 -9.688 4.539 -9.779 4 0.0 1440.0 679.0 694.0 4.0 4.0 45.0
42 -3.388 -5.803 7.69 8.169 2 0.0 1440.0 175.0 190.0 2.0 2.0 45.0
43 3.121 -2.393 -2.794 -3.474 2 0.0 1440.0 567.0 582.0 2.0 2.0 45.0
44 7.585 0.371 1.88 7.897 4 0.0 1440.0 157.0 172.0 4.0 4.0 45.0
45 7.134 -8.907 8.713 -8.669 6 0.0 1440.0 204.0 219.0 6.0 6.0 45.0
46 -4.702 8.08 6.717 -4.739 3 0.0 1440.0 682.0 697.0 3.0 3.0 45.0
47 -9.448 -1.216 -3.521 8.631 4 0.0 1440.0 627.0 642.0 4.0 4.0 45.0
48 7.952 -6.519 2.627 8.489 6 0.0 1440.0 410.0 425.0 6.0 6.0 45.0
49 7.583 1.778 5.714 -6.118 1 0.0 1440.0 672.0 687.0 1.0 1.0 45.0
50 7.216 -3.601 -2.584 2.401 1 0.0 1440.0 295.0 310.0 1.0 1.0 45.0
51 -6.475 -1.868 5.541 8.485 3 0.0 1440.0 542.0 557.0 3.0 3.0 45.0
52 9.683 -6.184 -6.61 -3.573 4 230.0 245.0 0.0 1440.0 4.0 4.0 45.0
53 5.893 2.227 -7.718 3.899 3 603.0 618.0 0.0 1440.0 3.0 3.0 45.0
54 -3.479 5.44 -1.069 2.264 2 157.0 172.0 0.0 1440.0 2.0 2.0 45.0
55 -9.373 -0.753 -2.307 -8.478 2 295.0 310.0 0.0 1440.0 2.0 2.0 45.0
56 -5.744 1.22 -7.218 -2.676 3 285.0 300.0 0.0 1440.0 3.0 3.0 45.0
57 3.889 -8.015 8.368 -7.265 1 304.0 319.0 0.0 1440.0 1.0 1.0 45.0
58 1.782 -4.016 -7.335 -6.998 3 469.0 484.0 0.0 1440.0 3.0 3.0 45.0
59 -1.02 8.667 -8.441 4.964 2 285.0 300.0 0.0 1440.0 2.0 2.0 45.0
60 -0.809 2.533 6.22 -8.215 3 631.0 646.0 0.0 1440.0 3.0 3.0 45.0
