6 32 16 6 5 4 3 5 4 1440.0
0.0 0.0
1 9.155 -9.497 -0.656 3.415 1 0.0 1440.0 124.0 139.0 4.0 4.0 45.0
2 0.982 0.314 1.17 9.93 1 0.0 1440.0 75.0 90.0 5.0 5.0 45.0
3 3.431 2.828 -7.519 3.889 1 0.0 1440.0 117.0 132.0 6.0 6.0 45.0
4 9.316 -1.92 -6.316 2.144 1 0.0 1440.0 159.0 174.0 6.0 6.0 45.0
5 5.606 -8.022 9.454 -1.588 1 0.0 1440.0 295.0 310.0 1.0 1.0 45.0
6 1.708 -0.84 -1.989 3.42 1 0.0 1440.0 90.0 105.0 1.0 1.0 45.0
7 -7.898 -9.689 4.766 0.176 1 0.0 1440.0 457.0 472.0 6.0 6.0 45.0
8 0.473 0.789 0.001 9.634 1 0.0 1440.0 330.0 345.0 2.0 2.0 45.0
9 -8.239 0.679 -6.075 1.737 1 0.0 1440.0 328.0 343.0 1.0 1.0 45.0
10 1.965 5.626 -5.586 5.878 1 0.0 1440.0 252.0 267.0 5.0 5.0 45.0
11 7.362 9.782 2.113 8.301 1 0.0 1440.0 424.0 439.0 4.0 4.0 45.0
12 -8.922 -1.923 -8.86 1.867 1 0.0 1440.0 286.0 301.0 1.0 1.0 45.0
13 -4.561 7.02 -7.428 3.777 1 0.0 1440.0 312.0 327.0 2.0 2.0 45.0
14 9.508 6.643 -3.558 0.187 1 0.0 1440.0 423.0 438.0 6.0 6.0 45.0
15 -6.318 -7.573 0.144 9.308 1 377.0 392.0 0.0 1440.0 2.0 2.0 45.0
16 -0.791 0.079 -6.616 -1.009 1 15.0 30.0 0.0 1440.0 1.0 1.0 45.0
17 -2.934 -8.115 -7.236 5.143 1 55.0 70.0 0.0 1440.0 5.0 5.0 45.0
18 6.379 6.355 3.355 3.023 1 305.0 320.0 0.0 1440.0 2.0 2.0 45.0
19 1.036 -5.323 -2.776 3.464 1 224.0 239.0 0.0 1440.0 2.0 2.0 45.0
20 1.429 4.083 5.741 -8.492 1 331.0 346.0 0.0 1440.0 2.0 2.0 45.0
21 -7.747 8.531 1.798 -5.862 1 276.0 291.0 0.0 1440.0 3.0 3.0 45.0
22 -3.202 3.232 3.581 2.029 1 148.0 163.0 0.0 1440.0 6.0 6.0 45.0
23 -8.059 -9.566 3.621 8.296 1 83.0 98.0 0.0 1440.0 2.0 2.0 45.0
24 -1.795 3.474 -7.427 -7.712 1 382.0 397.0 0.0 1440.0 2.0 2.0 45.0
25 8.056 0.003 -3.666 6.587 1 355.0 370.0 0.0 1440.0 4.0 4.0 45.0
26 4.472 -4.29 -7.634 -4.327 1 353.0 368.0 0.0 1440.0 6.0 6.0 45.0
27 5.086 -0.159 -1.579 -4.912 1 6.0 21.0 0.0 1440.0 2.0 2.0 45.0
28 -7.969 7.584 4.758 2.555 1 144.0 159.0 0.0 1440.0 6.0 6.0 45.0
29 -9.679 8.123 -2.201 -8.293 1 160.0 175.0 0.0 1440.0 6.0 6.0 45.0
30 -0.263 0.025 2.766 5.447 1 207.0 222.0 0.0 1440.0 6.0 6.0 45.0
31 5.236 6.761 3.812 -4.922 1 37.0 52.0 0.0 1440.0 6.0 6.0 45.0
32 -4.609 6.527 -9.068 -7.025 1 299.0 314.0 0.0 1440.0 5.0 5.0 45.0
33 -2.701 -1.401 8.417 5.764 3 0.0 1440.0 406.0 421.0 3.0 3.0 45.0
34 -4.858 0.644 9.393 -8.805 3 0.0 1440.0 148.0 163.0 3.0 3.0 45.0
35 -8.119 2.807 6.527 -7.616 3 0.0 1440.0 114.0 129.0 3.0 3.0 45.0
36 -3.827 -8.288 7.241 4.772 4 0.0 1440.0 227.0 242.0 4.0 4.0 45.0
37 1.983 -1.926 8.146 -7.373 6 0.0 1440.0 424.0 439.0 6.0 6.0 45.0
38 -2.446 -0.78 0.324 7.868 4 0.0 1440.0 162.0 177.0 4.0 4.0 45.0
39 -1.774 -0.024 -5.053 7.446 1 0.0 1440.0 49.0 64.0 1.0 1.0 45.0
40 -6.956 -6.088 -7.869 1.124 5 0.0 1440.0 76.0 91.0 5.0 5.0 45.0
41 6.575 -9.061 -0.119 8.554 6 0.0 1440.0 103.0 118.0 6.0 6.0 45.0
42 -8.202 -1.662 -4.477 -7.891 5 0.0 1440.0 165.0 180.0 5.0 5.0 45.0
43 -3.36 -4.769 -9.93 -6.339 5 208.0 223.0 0.0 1440.0 5.0 5.0 45.0
44 2.829 1.201 7.68 7.506 4 372.0 387.0 0.0 1440.0 4.0 4.0 45.0
45 -0.251 0.524 7.27 -7.019 3 163.0 178.0 0.0 1440.0 3.0 3.0 45.0
46 0.06 -8.614 1.24 0.495 3 168.0 183.0 0.0 1440.0 3.0 3.0 45.0
47 -6.593 9.427 -1.923 6.88 4 73.0 88.0 0.0 1440.0 4.0 4.0 45.0
48 2.301 7.974 -8.154 1.728 6 175.0 190.0 0.0 1440.0 6.0 6.0 45.0
