6 40 20 6 5 4 3 5 4 1440.0
0.0 0.0
1 8.396 -8.077 5.981 3.53 1 0.0 1440.0 431.0 446.0 6.0 6.0 45.0
2 7.79 6.826 -7.665 2.307 1 0.0 1440.0 244.0 259.0 6.0 6.0 45.0
3 -1.438 -1.816 2.476 -7.946 1 0.0 1440.0 340.0 355.0 5.0 5.0 45.0
4 -5.284 1.781 -2.241 2.901 1 0.0 1440.0 201.0 216.0 3.0 3.0 45.0
5 -6.157 8.245 -9.787 0.765 1 0.0 1440.0 158.0 173.0 4.0 4.0 45.0
6 5.304 -1.951 9.18 -4.097 1 0.0 1440.0 47.0 62.0 6.0 6.0 45.0
7 8.355 8.026 -6.205 -3.737 1 0.0 1440.0 237.0 252.0 6.0 6.0 45.0
8 -4.265 -7.287 -7.729 3.783 1 0.0 1440.0 45.0 60.0 3.0 3.0 45.0
9 9.018 8.2 7.948 3.033 1 0.0 1440.0 394.0 409.0 2.0 2.0 45.0
10 -3.755 2.4 0.022 -2.785 1 0.0 1440.0 173.0 188.0 3.0 3.0 45.0
11 7.998 -9.04 0.778 -1.006 1 0.0 1440.0 259.0 274.0 4.0 4.0 45.0
12 2.527 0.198 8.043 5.24 1 0.0 1440.0 541.0 556.0 4.0 4.0 45.0
13 5.268 -5.1 -4.308 9.092 1 0.0 1440.0 522.0 537.0 6.0 6.0 45.0
14 9.861 5.64 6.603 8.061 1 0.0 1440.0 584.0 599.0 3.0 3.0 45.0
15 1.002 -0.005 5.881 -6.598 1 0.0 1440.0 517.0 532.0 1.0 1.0 45.0
16 -1.839 -1.735 -8.906 -0.879 1 0.0 1440.0 60.0 75.0 4.0 4.0 45.0
17 7.048 8.616 -7.385 -2.754 1 0.0 1440.0 326.0 341.0 6.0 6.0 45.0
18 -1.789 0.323 2.076 -6.149 1 0.0 1440.0 583.0 598.0 4.0 4.0 45.0
19 -6.177 5.84 -8.862 3.818 1 0.0 1440.0 556.0 571.0 2.0 2.0 45.0
20 1.305 -9.97 2.702 9.571 1 273.0 288.0 0.0 1440.0 1.0 1.0 45.0
21 -9.856 2.733 8.872 8.761 1 285.0 300.0 0.0 1440.0 2.0 2.0 45.0
22 -0.796 -6.291 1.736 -4.661 1 429.0 444.0 0.0 1440.0 1.0 1.0 45.0
23 9.059 -2.0 0.465 -0.618 1 489.0 504.0 0.0 1440.0 5.0 5.0 45.0
24 -5.882 6.517 -6.738 -5.851 1 495.0 510.0 0.0 1440.0 1.0 1.0 45.0
25 4.267 7.212 -7.023 -3.0 1 89.0 104.0 0.0 1440.0 1.0 1.0 45.0
26 7.22 -2.216 5.339 -4.78 1 56.0 71.0 0.0 1440.0 2.0 2.0 45.0
27 -6.644 -9.762 4.063 -7.37 1 329.0 344.0 0.0 1440.0 6.0 6.0 45.0
28 -8.698 -8.733 -8.221 8.514 1 81.0 96.0 0.0 1440.0 3.0 3.0 45.0
29 -8.157 3.946 -3.635 6.909 1 276.0 291.0 0.0 1440.0 3.0 3.0 45.0
30 -5.89 -5.649 3.457 -5.652 1 97.0 112.0 0.0 1440.0 5.0 5.0 45.0
31 6.543 -3.04 -7.467 2.0 1 390.0 405.0 0.0 1440.0 2.0 2.0 45.0
32 8.734 -6.063 8.292 -5.699 1 379.0 394.0 0.0 1440.0 1.0 1.0 45.0
33 4.588 -2.504 -5.587 8.94 1 96.0 111.0 0.0 1440.0 3.0 3.0 45.0
34 -7.464 -3.883 -4.695 -0.505 1 313.0 328.0 0.0 1440.0 6.0 6.0 45.0
35 -4.753 0.878 3.711 6.641 1 403.0 418.0 0.0 1440.0 1.0 1.0 45.0
36 5.697 3.233 -9.047 9.634 1 365.0 380.0 0.0 1440.0 2.0 2.0 45.0
37 3.673 7.95 9.842 -8.831 1 181.0 196.0 0.0 1440.0 6.0 6.0 45.0
38 -5.247 2.016 -8.683 0.87 1 251.0 266.0 0.0 1440.0 4.0 4.0 45.0
39 0.436 2.947 2.582 -6.33 1 491.0 506.0 0.0 1440.0 4.0 4.0 45.0
40 7.206 8.043 -4.111 5.156 1 454.0 469.0 0.0 1440.0 3.0 3.0 45.0
41 7.883 1.492 -3.941 -1.81 1 0.0 1440.0 270.0 285.0 1.0 1.0 45.0
42 -4.09 -3.328 5.455 1.155 4 0.0 1440.0 243.0 258.0 4.0 4.0 45.0
43 0.4 -3.077 2.43 2.324 2 0.0 1440.0 167.0 182.0 2.0 2.0 45.0
44 -3.357 0.598 -6.156 8.136 4 0.0 1440.0 381.0 396.0 4.0 4.0 45.0
45 -3.521 -2.092 7.944 3.151 3 0.0 1440.0 555.0 570.0 3.0 3.0 45.0
46 -9.515 -8.771 -3.11 7.311 6 0.0 1440.0 566.0 581.0 6.0 6.0 45.0
47 -4.844 4.015 7.431 -3.615 5 0.0 1440.0 401.0 416.0 5.0 5.0 45.0
48 -4.31 -9.03 9.458 7.471 4 0.0 1440.0 336.0 351.0 4.0 4.0 45.0
49 -6.715 0.996 6.202 -8.47 3 0.0 1440.0 140.0 155.0 3.0 3.0 45.0
50 3.866 -6.176 -3.471 1.892 4 0.0 1440.0 65.0 80.0 4.0 4.0 45.0
51 -4.382 6.135 3.123 0.518 4 0.0 1440.0 415.0 430.0 4.0 4.0 45.0
52 -0.658 9.274 8.139 -4.818 4 103.0 118.0 0.0 1440.0 4.0 4.0 45.0
53 7.587 5.065 0.942 -8.704 5 467.0 482.0 0.0 1440.0 5.0 5.0 45.0
54 -3.554 5.457 -6.637 -7.038 3 493.0 508.0 0.0 1440.0 3.0 3.0 45.0
55 4.228 -4.434 -5.119 -7.989 4 277.0 292.0 0.0 1440.0 4.0 4.0 45.0
56 0.289 6.251 -3.202 1.556 2 135.0 150.0 0.0 1440.0 2.0 2.0 45.0
57 4.561 1.395 -2.845 -1.493 2 514.0 529.0 0.0 1440.0 2.0 2.0 45.0
58 -6.033 8.411 -2.406 -9.783 6 100.0 115.0 0.0 1440.0 6.0 6.0 45.0
59 -7.517 6.914 4.779 -9.107 5 433.0 448.0 0.0 1440.0 5.0 5.0 45.0
60 -5.384 -0.224 -9.757 5.494 6 323.0 338.0 0.0 1440.0 6.0 6.0 45.0
