6 48 24 6 5 3 4 5 4 1440.0
0.0 0.0
1 -8.288 -7.082 1.151 1.53 1 0.0 1440.0 459.0 474.0 4.0 4.0 45.0
2 0.278 1.827 4.05 0.104 1 0.0 1440.0 248.0 263.0 1.0 1.0 45.0
3 2.106 -7.536 -3.643 5.701 1 0.0 1440.0 309.0 324.0 3.0 3.0 45.0
4 8.691 4.077 4.71 -8.127 1 0.0 1440.0 295.0 310.0 6.0 6.0 45.0
5 -5.242 4.541 -5.389 0.342 1 0.0 1440.0 164.0 179.0 6.0 6.0 45.0
6 5.974 7.659 -1.216 -2.199 1 0.0 1440.0 656.0 671.0 6.0 6.0 45.0
7 3.966 -8.877 5.505 1.281 1 0.0 1440.0 547.0 562.0 5.0 5.0 45.0
8 -3.753 0.582 6.254 -2.631 1 0.0 1440.0 230.0 245.0 3.0 3.0 45.0
9 -7.39 2.769 -2.709 -5.792 1 0.0 1440.0 560.0 575.0 3.0 3.0 45.0
10 -6.893 -1.262 5.962 2.006 1 0.0 1440.0 284.0 299.0 1.0 1.0 45.0
11 9.411 -8.263 2.461 5.6 1 0.0 1440.0 177.0 192.0 1.0 1.0 45.0
12 0.677 -9.722 -3.58 -8.741 1 0.0 1440.0 302.0 317.0 5.0 5.0 45.0
13 -3.118 5.104 6.4 9.651 1 0.0 1440.0 197.0 212.0 1.0 1.0 45.0
14 5.268 -5.639 4.766 2.423 1 0.0 1440.0 322.0 337.0 5.0 5.0 45.0
15 2.991 -5.618 6.691 -8.272 1 0.0 1440.0 269.0 284.0 3.0 3.0 45.0
16 -1.021 9.249 -1.892 0.715 1 0.0 1440.0 685.0 700.0 2.0 2.0 45.0
17 4.74 -4.157 4.385 5.018 1 0.0 1440.0 692.0 707.0 5.0 5.0 45.0
18 -7.45 1.406 7.445 -3.088 1 0.0 1440.0 209.0 224.0 3.0 3.0 45.0
19 -3.499 8.487 3.565 -4.249 1 0.0 1440.0 117.0 132.0 2.0 2.0 45.0
20 -4.827 6.58 9.02 1.016 1 0.0 1440.0 448.0 463.0 5.0 5.0 45.0
21 9.716 -2.903 9.598 -8.602 1 0.0 1440.0 430.0 445.0 6.0 6.0 45.0
22 -8.735 9.456 8.401 6.014 1 470.0 485.0 0.0 1440.0 2.0 2.0 45.0
23 2.941 1.615 -1.6 -2.688 1 524.0 539.0 0.0 1440.0 1.0 1.0 45.0
24 0.331 -9.397 6.018 5.579 1 401.0 416.0 0.0 1440.0 2.0 2.0 45.0
25 -4.893 -1.097 8.744 3.655 1 549.0 564.0 0.0 1440.0 3.0 3.0 45.0
26 -0.043 -1.463 8.005 -8.428 1 384.0 399.0 0.0 1440.0 2.0 2.0 45.0
27 7.454 4.505 6.869 2.934 1 618.0 633.0 0.0 1440.0 5.0 5.0 45.0
28 -3.946 6.627 6.429 -8.89 1 55.0 70.0 0.0 1440.0 4.0 4.0 45.0
29 -8.753 9.697 -7.917 -0.216 1 165.0 180.0 0.0 1440.0 2.0 2.0 45.0
30 -8.553 -8.117 -8.891 5.952 1 574.0 589.0 0.0 1440.0 5.0 5.0 45.0
31 4.698 -6.753 -8.232 -0.538 1 154.0 169.0 0.0 1440.0 4.0 4.0 45.0
32 0.51 1.205 0.591 0.302 1 375.0 390.0 0.0 1440.0 6.0 6.0 45.0
33 7.88 -2.179 -3.957 4.507 1 658.0 673.0 0.0 1440.0 3.0 3.0 45.0
34 6.199 -7.971 -1.6 5.896 1 187.0 202.0 0.0 1440.0 6.0 6.0 45.0
35 -9.089 -3.207 9.631 -7.206 1 27.0 42.0 0.0 1440.0 5.0 5.0 45.0
36 -1.888 -6.708 0.252 9.317 1 108.0 123.0 0.0 1440.0 1.0 1.0 45.0
37 0.71 -0.675 8.435 8.53 1 543.0 558.0 0.0 1440.0 4.0 4.0 45.0
38 8.477 -5.122 -0.86 -9.494 1 101.0 116.0 0.0 1440.0 2.0 2.0 45.0
39 -3.811 -7.308 -4.053 2.982 1 603.0 618.0 0.0 1440.0 3.0 3.0 45.0
40 3.818 -1.445 -1.066 6.421 1 273.0 288.0 0.0 1440.0 4.0 4.0 45.0
41 -0.878 8.55 -9.514 2.413 1 630.0 645.0 0.0 1440.0 6.0 6.0 45.0
42 -8.503 9.621 -2.48 -3.625 1 153.0 168.0 0.0 1440.0 3.0 3.0 45.0
43 -0.564 0.604 4.215 2.129 1 638.0 653.0 0.0 1440.0 3.0 3.0 45.0
44 0.403 -1.722 -8.985 8.958 1 21.0 36.0 0.0 1440.0 6.0 6.0 45.0
45 -5.091 1.455 4.666 -7.552 1 16.0 31.0 0.0 1440.0 6.0 6.0 45.0
46 2.928 -1.981 -8.818 2.549 1 529.0 544.0 0.0 1440.0 3.0 3.0 45.0
47 7.206 0.259 6.993 -2.19 1 576.0 591.0 0.0 1440.0 3.0 3.0 45.0
48 6.085 -7.536 -4.262 7.223 1 47.0 62.0 0.0 1440.0 4.0 4.0 45.0
49 2.239 -6.405 3.99 -8.004 2 0.0 1440.0 143.0 158.0 2.0 2.0 45.0
50 -3.643 -6.818 -3.938 -5.082 5 0.0 1440.0 140.0 155.0 5.0 5.0 45.0
51 -5.017 -4.416 -3.051 3.894 3 0.0 1440.0 230.0 245.0 3.0 3.0 45.0
52 6.618 7.316 -7.412 9.535 5 0.0 1440.0 324.0 339.0 5.0 5.0 45.0
53 9.756 -8.402 -2.854 -7.78 1 0.0 1440.0 373.0 388.0 1.0 1.0 45.0
54 0.235 -5.34 -8.461 -5.688 2 0.0 1440.0 186.0 201.0 2.0 2.0 45.0
55 1.904 -1.101 -1.83 -3.555 6 0.0 1440.0 289.0 304.0 6.0 6.0 45.0
56 0.054 6.189 4.486 -2.288 1 0.0 1440.0 542.0 557.0 1.0 1.0 45.0
57 4.158 7.155 9.746 8.819 2 0.0 1440.0 63.0 78.0 2.0 2.0 45.0
58 -7.169 6.032 -7.474 7.935 1 0.0 1440.0 594.0 609.0 1.0 1.0 45.0
59 5.331 -8.318 -7.142 9.713 2 0.0 1440.0 387.0 402.0 2.0 2.0 45.0
60 0.648 4.75 6.869 -3.32 5 0.0 1440.0 603.0 618.0 5.0 5.0 45.0
61 -6.68 4.371 7.355 4.726 2 0.0 1440.0 184.0 199.0 2.0 2.0 45.0
62 1.778 -4.752 -4.188 0.265 4 0.0 1440.0 359.0 374.0 4.0 4.0 45.0
63 2.461 -1.452 6.737 -0.959 3 0.0 1440.0 130.0 145.0 3.0 3.0 45.0
64 1.551 5.48 -7.158 8.648 2 488.0 503.0 0.0 1440.0 2.0 2.0 45.0
65 6.241 5.056 -0.95 5.697 2 4.0 19.0 0.0 1440.0 2.0 2.0 45.0
66 -2.275 4.764 -4.153 -1.672 1 34.0 49.0 0.0 1440.0 1.0 1.0 45.0
67 -9.505 9.792 -3.468 -0.602 1 250.0 265.0 0.0 1440.0 1.0 1.0 45.0
68 -9.807 -7.396 0.28 -6.56 6 419.0 434.0 0.0 1440.0 6.0 6.0 45.0
69 5.695 7.539 0.513 -4.981 3 345.0 360.0 0.0 1440.0 3.0 3.0 45.0
70 -2.745 -8.862 -3.443 -4.196 6 31.0 46.0 0.0 1440.0 6.0 6.0 45.0
71 -2.845 8.471 9.525 5.433 6 524.0 539.0 0.0 1440.0 6.0 6.0 45.0
72 8.165 6.1 6.451 -0.38 6 520.0 535.0 0.0 1440.0 6.0 6.0 45.0
