7 38 18 6 4 4 3 5 6 4 1440.0
0.0 0.0
1 -9.233 1.927 9.886 6.817 1 0.0 1440.0 299.0 314.0 3.0 3.0 45.0
2 -5.298 1.775 5.306 -6.376 1 0.0 1440.0 452.0 467.0 1.0 1.0 45.0
3 -6.81 -2.473 -3.244 0.795 1 0.0 1440.0 241.0 256.0 5.0 5.0 45.0
4 -2.597 3.914 -0.274 4.931 1 0.0 1440.0 219.0 234.0 1.0 1.0 45.0
5 -5.713 -6.557 9.277 3.528 1 0.0 1440.0 368.0 383.0 3.0 3.0 45.0
6 0.211 9.638 2.773 -2.87 1 0.0 1440.0 389.0 404.0 6.0 6.0 45.0
7 -6.946 -5.874 7.061 3.734 1 0.0 1440.0 94.0 109.0 5.0 5.0 45.0
8 -6.618 -4.753 1.383 -1.665 1 0.0 1440.0 292.0 307.0 6.0 6.0 45.0
9 6.553 -5.96 -0.249 6.191 1 0.0 1440.0 113.0 128.0 6.0 6.0 45.0
10 9.074 -3.129 7.051 -5.679 1 0.0 1440.0 176.0 191.0 2.0 2.0 45.0
11 6.105 3.056 -9.121 7.614 1 0.0 1440.0 355.0 370.0 4.0 4.0 45.0
12 9.645 -9.208 -2.013 -9.047 1 0.0 1440.0 51.0 66.0 3.0 3.0 45.0
13 2.22 0.083 -4.315 6.26 1 0.0 1440.0 191.0 206.0 1.0 1.0 45.0
14 9.536 -3.101 4.489 9.873 1 0.0 1440.0 56.0 71.0 4.0 4.0 45.0
15 5.362 7.619 0.301 -7.767 1 0.0 1440.0 108.0 123.0 5.0 5.0 45.0
16 -1.505 -6.116 0.726 -8.449 1 0.0 1440.0 342.0 357.0 3.0 3.0 45.0
17 6.332 -7.845 -2.015 7.124 1 0.0 1440.0 282.0 297.0 3.0 3.0 45.0
18 7.456 6.972 -8.842 -2.461 1 0.0 1440.0 440.0 455.0 6.0 6.0 45.0
19 -8.03 4.864 2.19 9.589 1 199.0 214.0 0.0 1440.0 5.0 5.0 45.0
20 -7.405 -9.788 -7.082 -3.522 1 179.0 194.0 0.0 1440.0 2.0 2.0 45.0
21 -9.353 6.538 -9.198 -7.197 1 115.0 130.0 0.0 1440.0 6.0 6.0 45.0
22 4.09 -3.365 5.382 1.062 1 85.0 100.0 0.0 1440.0 1.0 1.0 45.0
23 -0.09 -8.992 7.423 -6.754 1 374.0 389.0 0.0 1440.0 6.0 6.0 45.0
24 -2.191 0.027 -9.205 -7.327 1 93.0 108.0 0.0 1440.0 1.0 1.0 45.0
25 -9.077 2.639 0.104 7.461 1 221.0 236.0 0.0 1440.0 4.0 4.0 45.0
26 -7.062 -4.052 -3.003 -0.427 1 186.0 201.0 0.0 1440.0 6.0 6.0 45.0
27 2.471 -4.089 9.024 -7.502 1 132.0 147.0 0.0 1440.0 1.0 1.0 45.0
28 -3.053 -0.727 3.856 4.315 1 393.0 408.0 0.0 1440.0 2.0 2.0 45.0
29 -0.643 -1.262 -2.45 5.305 1 142.0 157.0 0.0 1440.0 6.0 6.0 45.0
30 -5.827 4.765 0.748 0.464 1 125.0 140.0 0.0 1440.0 2.0 2.0 45.0
31 -2.215 -9.444 -2.702 7.058 1 142.0 157.0 0.0 1440.0 1.0 1.0 45.0
32 -3.636 -3.905 5.914 5.102 1 67.0 82.0 0.0 1440.0 4.0 4.0 45.0
33 -7.356 7.2 -8.564 -2.353 1 368.0 383.0 0.0 1440.0 1.0 1.0 45.0
34 4.347 -5.151 0.712 4.903 1 135.0 150.0 0.0 1440.0 3.0 3.0 45.0
35 -8.314 4.226 -6.441 5.62 1 16.0 31.0 0.0 1440.0 3.0 3.0 45.0
36 4.165 6.697 4.546 -9.74 1 166.0 181.0 0.0 1440.0 3.0 3.0 45.0
37 1.54 -5.761 2.849 6.388 1 252.0 267.0 0.0 1440.0 3.0 3.0 45.0
38 -7.15 5.569 -0.562 7.076 1 78.0 93.0 0.0 1440.0 2.0 2.0 45.0
39 2.266 -6.352 -9.764 2.552 6 0.0 1440.0 283.0 298.0 6.0 6.0 45.0
40 0.923 -9.736 4.757 0.504 6 0.0 1440.0 425.0 440.0 6.0 6.0 45.0
41 8.756 -0.758 5.148 0.682 4 0.0 1440.0 395.0 410.0 4.0 4.0 45.0
42 -7.186 6.919 -5.77 -3.538 6 0.0 1440.0 379.0 394.0 6.0 6.0 45.0
43 7.825 0.68 -2.295 8.09 6 0.0 1440.0 247.0 262.0 6.0 6.0 45.0
44 6.232 -5.046 -7.088 -1.993 2 0.0 1440.0 195.0 210.0 2.0 2.0 45.0
45 5.493 -8.491 -3.206 -0.594 1 0.0 1440.0 87.0 102.0 1.0 1.0 45.0
46 7.702 -8.692 -3.989 -8.855 6 0.0 1440.0 281.0 296.0 6.0 6.0 45.0
47 2.612 -9.663 9.935 6.738 5 0.0 1440.0 370.0 385.0 5.0 5.0 45.0
48 4.502 3.337 6.955 -8.598 6 0.0 1440.0 140.0 155.0 6.0 6.0 45.0
49 2.159 -2.632 -7.021 2.371 3 248.0 263.0 0.0 1440.0 3.0 3.0 45.0
50 3.626 -3.709 -2.032 4.634 4 107.0 122.0 0.0 1440.0 4.0 4.0 45.0
51 -3.848 -1.166 -2.85 8.792 2 36.0 51.0 0.0 1440.0 2.0 2.0 45.0
52 5.58 -4.997 7.853 -8.509 1 140.0 155.0 0.0 1440.0 1.0 1.0 45.0
53 5.788 3.934 -2.235 -5.377 2 389.0 404.0 0.0 1440.0 2.0 2.0 45.0
54 -8.101 3.965 5.392 6.664 2 406.0 421.0 0.0 1440.0 2.0 2.0 45.0
55 -6.523 -6.693 1.548 7.442 3 192.0 207.0 0.0 1440.0 3.0 3.0 45.0
56 6.789 0.599 0.856 3.989 6 284.0 299.0 0.0 1440.0 6.0 6.0 45.0
