7 47 23 4 6 3 4 5 6 4 1440.0
0.0 0.0
1 1.167 6.703 -4.367 -3.494 1 0.0 1440.0 423.0 438.0 6.0 6.0 45.0
2 7.648 6.549 1.313 -4.262 1 0.0 1440.0 249.0 264.0 1.0 1.0 45.0
3 -7.809 5.264 1.787 1.438 1 0.0 1440.0 505.0 520.0 3.0 3.0 45.0
4 8.214 6.5 1.491 -3.766 1 0.0 1440.0 491.0 506.0 4.0 4.0 45.0
5 8.511 -2.596 -0.292 0.726 1 0.0 1440.0 225.0 240.0 6.0 6.0 45.0
6 -5.737 8.01 6.308 -9.189 1 0.0 1440.0 550.0 565.0 1.0 1.0 45.0
7 -1.599 0.569 3.525 -8.376 1 0.0 1440.0 286.0 301.0 1.0 1.0 45.0
8 3.921 -9.274 -6.102 -0.815 1 0.0 1440.0 283.0 298.0 5.0 5.0 45.0
9 -3.747 -9.663 3.549 -7.247 1 0.0 1440.0 345.0 360.0 6.0 6.0 45.0
10 0.098 1.369 -7.504 -9.333 1 0.0 1440.0 398.0 413.0 2.0 2.0 45.0
11 -0.394 6.973 8.04 0.332 1 0.0 1440.0 377.0 392.0 3.0 3.0 45.0
12 0.639 -6.065 5.512 1.47 1 0.0 1440.0 394.0 409.0 1.0 1.0 45.0
13 0.961 -3.762 5.581 -3.24 1 0.0 1440.0 53.0 68.0 3.0 3.0 45.0
14 -5.396 -7.172 7.071 5.972 1 0.0 1440.0 232.0 247.0 6.0 6.0 45.0
15 -0.952 -5.012 -2.655 -3.98 1 0.0 1440.0 374.0 389.0 6.0 6.0 45.0
16 8.329 -4.309 6.854 -5.814 1 0.0 1440.0 96.0 111.0 5.0 5.0 45.0
17 -0.173 7.433 -2.992 3.762 1 0.0 1440.0 575.0 590.0 6.0 6.0 45.0
18 -3.282 5.213 -0.561 2.956 1 0.0 1440.0 104.0 119.0 5.0 5.0 45.0
19 3.288 9.257 -9.197 6.116 1 0.0 1440.0 503.0 518.0 6.0 6.0 45.0
20 -6.937 -5.66 -4.178 -1.949 1 0.0 1440.0 99.0 114.0 4.0 4.0 45.0
21 -5.06 0.165 -5.335 -9.847 1 0.0 1440.0 216.0 231.0 6.0 6.0 45.0
22 -7.661 -2.834 0.909 -8.404 1 0.0 1440.0 151.0 166.0 3.0 3.0 45.0
23 9.06 0.319 2.233 -8.692 1 0.0 1440.0 268.0 283.0 6.0 6.0 45.0
24 -0.331 8.573 -4.84 9.432 1 451.0 466.0 0.0 1440.0 3.0 3.0 45.0
25 7.536 1.73 9.264 0.467 1 387.0 402.0 0.0 1440.0 4.0 4.0 45.0
26 -8.981 9.337 0.024 -7.521 1 159.0 174.0 0.0 1440.0 5.0 5.0 45.0
27 0.964 1.066 -4.579 -0.463 1 517.0 532.0 0.0 1440.0 2.0 2.0 45.0
28 -3.751 2.2 -4.108 -8.636 1 244.0 259.0 0.0 1440.0 6.0 6.0 45.0
29 -8.209 -8.524 -5.537 3.521 1 349.0 364.0 0.0 1440.0 5.0 5.0 45.0
30 -2.115 -7.037 5.949 -2.778 1 505.0 520.0 0.0 1440.0 6.0 6.0 45.0
31 3.128 -5.863 -0.607 -5.806 1 242.0 257.0 0.0 1440.0 6.0 6.0 45.0
32 -5.386 1.246 -2.619 -0.404 1 490.0 505.0 0.0 1440.0 6.0 6.0 45.0
33 1.809 -7.364 -8.284 3.286 1 474.0 489.0 0.0 1440.0 5.0 5.0 45.0
34 -3.776 3.515 -6.879 -0.813 1 322.0 337.0 0.0 1440.0 4.0 4.0 45.0
35 -2.097 -8.664 -6.529 2.039 1 7.0 22.0 0.0 1440.0 3.0 3.0 45.0
36 -8.971 -4.555 1.018 5.911 1 323.0 338.0 0.0 1440.0 2.0 2.0 45.0
37 -0.501 9.37 1.184 -9.255 1 520.0 535.0 0.0 1440.0 1.0 1.0 45.0
38 9.121 9.368 2.1 2.637 1 262.0 277.0 0.0 1440.0 1.0 1.0 45.0
39 -5.42 3.182 -0.81 -4.084 1 22.0 37.0 0.0 1440.0 1.0 1.0 45.0
40 -7.718 -7.009 -2.668 -6.707 1 239.0 254.0 0.0 1440.0 3.0 3.0 45.0
41 9.539 -9.034 -1.992 8.907 1 60.0 75.0 0.0 1440.0 1.0 1.0 45.0
42 -1.382 1.443 -4.775 -8.2 1 342.0 357.0 0.0 1440.0 4.0 4.0 45.0
43 -7.353 4.93 7.323 4.512 1 353.0 368.0 0.0 1440.0 3.0 3.0 45.0
44 2.971 6.511 7.837 5.962 1 145.0 160.0 0.0 1440.0 1.0 1.0 45.0
45 -5.172 3.406 -9.331 -4.205 1 379.0 394.0 0.0 1440.0 6.0 6.0 45.0
46 -1.952 9.276 -1.805 9.49 1 281.0 296.0 0.0 1440.0 3.0 3.0 45.0
47 -9.81 -0.741 -9.897 -9.044 1 129.0 144.0 0.0 1440.0 1.0 1.0 45.0
48 3.417 -0.753 -7.033 6.333 1 0.0 1440.0 227.0 242.0 1.0 1.0 45.0
49 -6.629 -1.979 9.432 9.295 1 0.0 1440.0 376.0 391.0 1.0 1.0 45.0
50 8.921 2.215 0.875 -1.049 6 0.0 1440.0 410.0 425.0 6.0 6.0 45.0
51 1.479 3.223 1.863 -1.818 6 0.0 1440.0 377.0 392.0 6.0 6.0 45.0
52 9.282 -9.168 8.294 -3.314 3 0.0 1440.0 571.0 586.0 3.0 3.0 45.0
53 3.383 5.799 3.283 1.392 5 0.0 1440.0 526.0 541.0 5.0 5.0 45.0
54 9.178 -4.143 3.478 9.515 5 0.0 1440.0 197.0 212.0 5.0 5.0 45.0
55 -9.736 8.871 0.171 -4.045 5 0.0 1440.0 456.0 471.0 5.0 5.0 45.0
56 -2.125 -7.752 -5.816 -4.691 6 0.0 1440.0 64.0 79.0 6.0 6.0 45.0
57 8.591 -0.237 0.088 -7.068 6 0.0 1440.0 88.0 103.0 6.0 6.0 45.0
58 -5.051 1.777 8.403 -6.18 2 0.0 1440.0 210.0 225.0 2.0 2.0 45.0
59 -7.966 2.931 -7.518 2.198 1 0.0 1440.0 329.0 344.0 1.0 1.0 45.0
60 8.562 -8.539 -5.027 -4.272 2 229.0 244.0 0.0 1440.0 2.0 2.0 45.0
61 -8.962 5.115 3.041 2.816 6 525.0 540.0 0.0 1440.0 6.0 6.0 45.0
62 8.95 1.706 5.922 -0.73 6 249.0 264.0 0.0 1440.0 6.0 6.0 45.0
63 -9.163 -5.017 7.658 2.543 3 59.0 74.0 0.0 1440.0 3.0 3.0 45.0
64 -6.647 4.881 -4.821 5.553 2 366.0 381.0 0.0 1440.0 2.0 2.0 45.0
65 8.919 -8.989 2.59 -8.445 2 438.0 453.0 0.0 1440.0 2.0 2.0 45.0
66 -3.818 1.865 -7.742 1.628 6 497.0 512.0 0.0 1440.0 6.0 6.0 45.0
67 -6.383 -0.379 -2.332 -7.013 3 280.0 295.0 0.0 1440.0 3.0 3.0 45.0
68 2.949 -9.234 2.568 -7.431 5 247.0 262.0 0.0 1440.0 5.0 5.0 45.0
69 2.162 -2.26 2.642 -2.909 3 450.0 465.0 0.0 1440.0 3.0 3.0 45.0
70 0.135 -7.348 5.643 -3.354 4 102.0 117.0 0.0 1440.0 4.0 4.0 45.0
