7 56 28 5 3 6 4 4 4 6 1440.0
0.0 0.0
1 -5.583 -5.321 5.443 9.943 1 0.0 1440.0 440.0 455.0 5.0 5.0 45.0
2 -4.376 -4.489 3.749 7.86 1 0.0 1440.0 575.0 590.0 1.0 1.0 45.0
3 3.694 6.234 7.694 5.068 1 0.0 1440.0 596.0 611.0 5.0 5.0 45.0
4 -9.18 2.167 8.174 -4.501 1 0.0 1440.0 258.0 273.0 6.0 6.0 45.0
5 7.476 -9.783 -6.26 -7.012 1 0.0 1440.0 74.0 89.0 1.0 1.0 45.0
6 9.065 6.841 -5.521 1.304 1 0.0 1440.0 462.0 477.0 3.0 3.0 45.0
7 -1.535 7.856 0.202 -6.605 1 0.0 1440.0 180.0 195.0 1.0 1.0 45.0
8 8.428 -8.206 4.151 4.663 1 0.0 1440.0 558.0 573.0 3.0 3.0 45.0
9 0.023 5.581 3.014 0.24 1 0.0 1440.0 611.0 626.0 5.0 5.0 45.0
10 -7.426 4.923 6.659 -5.632 1 0.0 1440.0 181.0 196.0 4.0 4.0 45.0
11 9.918 4.181 -7.291 3.643 1 0.0 1440.0 365.0 380.0 2.0 2.0 45.0
12 8.246 3.801 7.655 9.907 1 0.0 1440.0 50.0 65.0 2.0 2.0 45.0
13 0.02 5.008 -3.757 0.336 1 0.0 1440.0 481.0 496.0 2.0 2.0 45.0
14 1.108 -0.102 -2.708 -3.969 1 0.0 1440.0 85.0 100.0 4.0 4.0 45.0
15 0.172 -6.07 1.578 -5.647 1 0.0 1440.0 381.0 396.0 2.0 2.0 45.0
16 4.071 -3.519 0.704 6.804 1 0.0 1440.0 474.0 489.0 4.0 4.0 45.0
17 5.538 0.663 0.014 -0.661 1 0.0 1440.0 582.0 597.0 3.0 3.0 45.0
18 -0.489 -7.47 9.941 -5.481 1 0.0 1440.0 284.0 299.0 4.0 4.0 45.0
19 -1.123 7.776 7.587 2.806 1 0.0 1440.0 143.0 158.0 1.0 1.0 45.0
20 9.215 7.007 -0.519 3.754 1 0.0 1440.0 190.0 205.0 6.0 6.0 45.0
21 -9.274 9.961 -8.179 4.426 1 0.0 1440.0 466.0 481.0 4.0 4.0 45.0
22 9.895 -8.872 3.79 5.379 1 0.0 1440.0 666.0 681.0 3.0 3.0 45.0
23 -9.217 -3.977 6.378 -3.872 1 0.0 1440.0 630.0 645.0 3.0 3.0 45.0
24 -6.82 0.378 -8.733 -4.811 1 0.0 1440.0 348.0 363.0 6.0 6.0 45.0
25 -8.126 6.11 4.044 -6.997 1 0.0 1440.0 145.0 160.0 3.0 3.0 45.0
26 -8.177 9.429 0.205 -2.154 1 0.0 1440.0 301.0 316.0 5.0 5.0 45.0
27 -4.408 5.336 8.084 2.819 1 0.0 1440.0 594.0 609.0 6.0 6.0 45.0
28 7.183 7.918 -9.979 -2.439 1 0.0 1440.0 603.0 618.0 2.0 2.0 45.0
29 6.76 6.636 4.348 -2.221 1 355.0 370.0 0.0 1440.0 2.0 2.0 45.0
30 0.1 -5.172 -4.679 -3.79 1 470.0 485.0 0.0 1440.0 3.0 3.0 45.0
31 -0.739 -5.545 0.147 -1.31 1 25.0 40.0 0.0 1440.0 6.0 6.0 45.0
32 6.464 8.872 -6.415 1.8 1 518.0 533.0 0.0 1440.0 5.0 5.0 45.0
33 -1.55 5.734 3.586 -3.632 1 31.0 46.0 0.0 1440.0 1.0 1.0 45.0
34 -6.718 5.292 7.907 9.918 1 618.0 633.0 0.0 1440.0 2.0 2.0 45.0
35 -0.221 -7.469 1.257 4.234 1 17.0 32.0 0.0 1440.0 6.0 6.0 45.0
36 5.022 -5.891 6.411 3.893 1 16.0 31.0 0.0 1440.0 3.0 3.0 45.0
37 -3.717 3.154 -3.689 -8.425 1 621.0 636.0 0.0 1440.0 2.0 2.0 45.0
38 -5.565 -0.893 4.994 8.535 1 400.0 415.0 0.0 1440.0 1.0 1.0 45.0
39 3.782 8.447 -3.384 -3.064 1 154.0 169.0 0.0 1440.0 3.0 3.0 45.0
40 -4.224 -8.395 -1.496 -9.597 1 464.0 479.0 0.0 1440.0 4.0 4.0 45.0
41 7.025 6.303 -0.365 -5.096 1 421.0 436.0 0.0 1440.0 3.0 3.0 45.0
42 2.729 -5.73 -1.264 6.965 1 318.0 333.0 0.0 1440.0 4.0 4.0 45.0
43 -0.589 -5.349 7.094 8.519 1 164.0 179.0 0.0 1440.0 5.0 5.0 45.0
44 0.655 1.6 -0.59 -0.898 1 653.0 668.0 0.0 1440.0 5.0 5.0 45.0
45 8.525 -1.533 7.183 -7.205 1 37.0 52.0 0.0 1440.0 5.0 5.0 45.0
46 2.452 8.22 -6.441 7.103 1 456.0 471.0 0.0 1440.0 1.0 1.0 45.0
47 -7.913 -6.742 2.733 3.687 1 646.0 661.0 0.0 1440.0 1.0 1.0 45.0
48 3.478 -8.275 5.612 -8.227 1 140.0 155.0 0.0 1440.0 4.0 4.0 45.0
49 3.483 -4.565 -5.285 -8.05 1 646.0 661.0 0.0 1440.0 3.0 3.0 45.0
50 5.144 7.953 9.151 8.401 1 653.0 668.0 0.0 1440.0 4.0 4.0 45.0
51 8.005 5.399 -3.684 9.73 1 210.0 225.0 0.0 1440.0 3.0 3.0 45.0
52 6.031 7.737 8.268 -8.534 1 173.0 188.0 0.0 1440.0 1.0 1.0 45.0
53 -8.951 -4.792 -6.705 -5.809 1 74.0 89.0 0.0 1440.0 2.0 2.0 45.0
54 -1.054 9.698 9.85 5.779 1 147.0 162.0 0.0 1440.0 3.0 3.0 45.0
55 -1.199 -7.248 -6.341 -3.461 1 98.0 113.0 0.0 1440.0 2.0 2.0 45.0
56 9.266 0.591 9.777 -9.311 1 287.0 302.0 0.0 1440.0 3.0 3.0 45.0
57 1.45 -8.626 -8.8 6.063 1 0.0 1440.0 234.0 249.0 1.0 1.0 45.0
58 -7.122 2.239 5.953 -6.026 5 0.0 1440.0 611.0 626.0 5.0 5.0 45.0
59 -8.252 4.929 -4.793 0.255 2 0.0 1440.0 541.0 556.0 2.0 2.0 45.0
60 1.387 3.724 0.039 -6.445 5 0.0 1440.0 435.0 450.0 5.0 5.0 45.0
61 1.128 -8.34 5.067 -2.031 2 0.0 1440.0 378.0 393.0 2.0 2.0 45.0
62 -9.381 -9.685 4.836 8.474 6 0.0 1440.0 70.0 85.0 6.0 6.0 45.0
63 -4.517 -7.267 6.287 -8.936 2 0.0 1440.0 663.0 678.0 2.0 2.0 45.0
64 7.758 4.539 -8.615 -2.343 3 0.0 1440.0 249.0 264.0 3.0 3.0 45.0
65 -7.0 3.701 6.011 -0.519 4 0.0 1440.0 225.0 240.0 4.0 4.0 45.0
66 -7.512 5.483 -1.647 3.151 6 0.0 1440.0 223.0 238.0 6.0 6.0 45.0
67 -0.562 -4.655 -2.797 1.968 4 0.0 1440.0 560.0 575.0 4.0 4.0 45.0
68 9.953 -7.991 -3.986 7.729 6 0.0 1440.0 175.0 190.0 6.0 6.0 45.0
69 -8.249 -2.773 -2.439 8.758 1 0.0 1440.0 189.0 204.0 1.0 1.0 45.0
70 -0.862 1.019 9.722 -0.901 5 0.0 1440.0 121.0 136.0 5.0 5.0 45.0
71 0.702 -5.94 5.786 5.529 1 408.0 423.0 0.0 1440.0 1.0 1.0 45.0
72 -0.394 4.1 6.661 -4.66 1 503.0 518.0 0.0 1440.0 1.0 1.0 45.0
73 -9.687 4.626 6.93 -5.627 4 548.0 563.0 0.0 1440.0 4.0 4.0 45.0
74 6.758 -2.121 -7.761 9.289 5 258.0 273.0 0.0 1440.0 5.0 5.0 45.0
75 9.813 -5.764 1.494 -6.078 2 410.0 425.0 0.0 1440.0 2.0 2.0 45.0
76 3.777 -1.705 -7.878 5.382 1 38.0 53.0 0.0 1440.0 1.0 1.0 45.0
77 -0.553 0.807 9.549 -4.25 2 651.0 666.0 0.0 1440.0 2.0 2.0 45.0
78 -7.055 -6.201 -9.56 3.752 2 272.0 287.0 0.0 1440.0 2.0 2.0 45.0
79 -6.924 -6.858 9.961 -8.704 6 172.0 187.0 0.0 1440.0 6.0 6.0 45.0
80 -6.021 -3.167 1.033 -2.222 2 429.0 444.0 0.0 1440.0 2.0 2.0 45.0
81 -0.588 -8.577 9.735 -2.635 6 470.0 485.0 0.0 1440.0 6.0 6.0 45.0
82 -2.847 -9.423 6.14 -7.447 5 285.0 300.0 0.0 1440.0 5.0 5.0 45.0
83 1.786 -3.734 -3.826 6.994 4 358.0 373.0 0.0 1440.0 4.0 4.0 45.0
84 4.95 -5.132 4.295 5.527 6 24.0 39.0 0.0 1440.0 6.0 6.0 45.0
