8 43 21 4 5 6 4 6 3 5 3 1440.0
0.0 0.0
1 -8.055 -1.524 -5.344 0.482 1 0.0 1440.0 433.0 448.0 1.0 1.0 45.0
2 4.017 2.585 3.836 1.754 1 0.0 1440.0 317.0 332.0 1.0 1.0 45.0
3 -1.805 -7.05 6.409 -7.609 1 0.0 1440.0 186.0 201.0 2.0 2.0 45.0
4 2.337 -2.936 3.048 4.296 1 0.0 1440.0 127.0 142.0 2.0 2.0 45.0
5 6.888 5.066 7.89 9.838 1 0.0 1440.0 46.0 61.0 1.0 1.0 45.0
6 -3.425 -3.013 2.735 7.969 1 0.0 1440.0 137.0 152.0 5.0 5.0 45.0
7 2.101 7.833 3.08 5.532 1 0.0 1440.0 186.0 201.0 2.0 2.0 45.0
8 7.177 9.786 7.8 -5.759 1 0.0 1440.0 122.0 137.0 4.0 4.0 45.0
9 1.1 -1.003 -9.282 -1.067 1 0.0 1440.0 348.0 363.0 5.0 5.0 45.0
10 9.168 -2.213 -4.163 -9.18 1 0.0 1440.0 362.0 377.0 4.0 4.0 45.0
11 2.166 9.368 6.361 -8.597 1 0.0 1440.0 117.0 132.0 5.0 5.0 45.0
12 0.921 4.089 5.73 3.173 1 0.0 1440.0 101.0 116.0 1.0 1.0 45.0
13 -0.909 -6.577 3.529 8.088 1 0.0 1440.0 458.0 473.0 1.0 1.0 45.0
14 2.549 3.099 8.134 -5.19 1 0.0 1440.0 271.0 286.0 5.0 5.0 45.0
15 -0.832 6.603 2.759 6.954 1 0.0 1440.0 220.0 235.0 5.0 5.0 45.0
16 2.088 -5.266 -4.255 1.456 1 0.0 1440.0 60.0 75.0 3.0 3.0 45.0
17 4.897 6.483 8.069 -1.015 1 0.0 1440.0 442.0 457.0 4.0 4.0 45.0
18 1.691 2.441 -9.666 5.115 1 0.0 1440.0 357.0 372.0 6.0 6.0 45.0
19 8.653 9.388 -5.051 5.255 1 0.0 1440.0 317.0 332.0 1.0 1.0 45.0
20 -6.372 8.711 3.991 -1.638 1 0.0 1440.0 168.0 183.0 2.0 2.0 45.0
21 -0.885 -6.071 -9.657 -4.403 1 0.0 1440.0 363.0 378.0 3.0 3.0 45.0
22 -5.491 5.505 -8.98 6.95 1 0.0 1440.0 337.0 352.0 5.0 5.0 45.0
23 1.518 -4.371 7.461 0.906 1 158.0 173.0 0.0 1440.0 4.0 4.0 45.0
24 -1.557 -2.688 3.821 2.372 1 349.0 364.0 0.0 1440.0 6.0 6.0 45.0
25 -2.456 7.66 -6.073 -6.951 1 289.0 304.0 0.0 1440.0 1.0 1.0 45.0
26 -7.445 -9.014 -0.862 -1.816 1 287.0 302.0 0.0 1440.0 1.0 1.0 45.0
27 5.716 0.046 -6.084 7.238 1 309.0 324.0 0.0 1440.0 2.0 2.0 45.0
28 -5.793 -1.426 4.943 1.519 1 167.0 182.0 0.0 1440.0 3.0 3.0 45.0
29 -1.841 1.921 4.859 -4.181 1 268.0 283.0 0.0 1440.0 6.0 6.0 45.0
30 9.613 -4.473 4.885 -5.671 1 66.0 81.0 0.0 1440.0 6.0 6.0 45.0
31 -7.458 6.245 -6.785 2.588 1 57.0 72.0 0.0 1440.0 1.0 1.0 45.0
32 -2.659 7.688 -5.339 5.916 1 105.0 120.0 0.0 1440.0 5.0 5.0 45.0
33 -6.091 9.862 -5.661 5.829 1 373.0 388.0 0.0 1440.0 4.0 4.0 45.0
34 7.301 -1.269 -8.047 -0.414 1 340.0 355.0 0.0 1440.0 4.0 4.0 45.0
35 -8.085 9.446 3.335 8.161 1 417.0 432.0 0.0 1440.0 2.0 2.0 45.0
36 -9.094 -5.44 3.265 8.594 1 15.0 30.0 0.0 1440.0 3.0 3.0 45.0
37 -8.771 -4.994 7.545 3.884 1 401.0 416.0 0.0 1440.0 4.0 4.0 45.0
38 -6.7 -8.942 -1.0 2.03 1 248.0 263.0 0.0 1440.0 6.0 6.0 45.0
39 -1.739 -4.814 -9.498 -2.293 1 233.0 248.0 0.0 1440.0 6.0 6.0 45.0
40 -2.394 -5.625 9.569 2.166 1 284.0 299.0 0.0 1440.0 6.0 6.0 45.0
41 3.218 3.108 -3.553 8.224 1 100.0 115.0 0.0 1440.0 1.0 1.0 45.0
42 0.239 2.896 -6.079 5.425 1 242.0 257.0 0.0 1440.0 4.0 4.0 45.0
43 -3.465 1.128 9.234 0.91 1 195.0 210.0 0.0 1440.0 4.0 4.0 45.0
44 6.017 2.968 -0.701 5.474 6 0.0 1440.0 464.0 479.0 6.0 6.0 45.0
45 -5.858 -8.041 -4.58 0.877 6 0.0 1440.0 402.0 417.0 6.0 6.0 45.0
46 2.454 1.394 -3.067 -9.07 6 0.0 1440.0 341.0 356.0 6.0 6.0 45.0
47 9.415 -6.569 3.431 2.383 3 0.0 1440.0 79.0 94.0 3.0 3.0 45.0
48 1.332 7.764 7.941 -6.083 3 0.0 1440.0 436.0 451.0 3.0 3.0 45.0
49 -1.83 -8.348 -6.571 -4.066 3 0.0 1440.0 283.0 298.0 3.0 3.0 45.0
50 -5.409 -0.763 -5.765 9.657 2 0.0 1440.0 244.0 259.0 2.0 2.0 45.0
51 9.712 -7.747 0.648 -3.301 3 0.0 1440.0 379.0 394.0 3.0 3.0 45.0
52 5.671 2.261 3.426 5.457 6 0.0 1440.0 136.0 151.0 6.0 6.0 45.0
53 4.788 3.037 0.971 -2.113 5 0.0 1440.0 184.0 199.0 5.0 5.0 45.0
54 1.853 -5.101 0.922 -5.11 6 14.0 29.0 0.0 1440.0 6.0 6.0 45.0
55 -6.128 -8.477 6.344 -7.416 2 146.0 161.0 0.0 1440.0 2.0 2.0 45.0
56 6.977 -5.284 2.73 -8.125 6 74.0 89.0 0.0 1440.0 6.0 6.0 45.0
57 -2.146 2.285 9.316 -1.16 3 258.0 273.0 0.0 1440.0 3.0 3.0 45.0
58 -1.373 2.655 -0.23 4.154 5 197.0 212.0 0.0 1440.0 5.0 5.0 45.0
59 -6.403 -4.922 3.089 -6.541 3 319.0 334.0 0.0 1440.0 3.0 3.0 45.0
60 2.905 -3.356 -8.241 7.983 2 326.0 341.0 0.0 1440.0 2.0 2.0 45.0
61 7.329 3.807 -6.37 8.387 5 260.0 275.0 0.0 1440.0 5.0 5.0 45.0
62 -5.535 1.049 -5.696 1.109 1 341.0 356.0 0.0 1440.0 1.0 1.0 45.0
63 -3.328 -7.287 5.506 9.779 5 63.0 78.0 0.0 1440.0 5.0 5.0 45.0
64 -5.414 -3.326 1.059 8.394 3 49.0 64.0 0.0 1440.0 3.0 3.0 45.0
