8 54 26 5 4 6 4 3 3 6 5 1440.0
0.0 0.0
1 -0.522 -0.692 8.62 6.537 1 0.0 1440.0 444.0 459.0 4.0 4.0 45.0
2 -5.65 -5.325 7.861 0.909 1 0.0 1440.0 277.0 292.0 4.0 4.0 45.0
3 -5.423 9.534 1.025 -1.179 1 0.0 1440.0 218.0 233.0 4.0 4.0 45.0
4 -2.523 -0.254 -7.605 6.784 1 0.0 1440.0 118.0 133.0 6.0 6.0 45.0
5 1.564 -9.398 -6.719 6.239 1 0.0 1440.0 361.0 376.0 5.0 5.0 45.0
6 -5.163 -7.257 8.768 -5.63 1 0.0 1440.0 427.0 442.0 3.0 3.0 45.0
7 0.8 -3.331 9.652 -4.768 1 0.0 1440.0 545.0 560.0 1.0 1.0 45.0
8 -0.294 -1.122 9.999 5.785 1 0.0 1440.0 93.0 108.0 4.0 4.0 45.0
9 -3.089 -5.81 8.694 6.657 1 0.0 1440.0 129.0 144.0 5.0 5.0 45.0
10 -5.49 9.296 -9.078 -1.301 1 0.0 1440.0 443.0 458.0 6.0 6.0 45.0
11 1.82 -8.184 6.976 8.222 1 0.0 1440.0 182.0 197.0 6.0 6.0 45.0
12 -4.875 -1.011 1.791 1.726 1 0.0 1440.0 517.0 532.0 3.0 3.0 45.0
13 -8.888 5.735 -9.065 0.497 1 0.0 1440.0 308.0 323.0 2.0 2.0 45.0
14 1.099 0.668 -1.841 0.394 1 0.0 1440.0 267.0 282.0 6.0 6.0 45.0
15 -4.832 -4.777 -1.321 -3.017 1 0.0 1440.0 104.0 119.0 3.0 3.0 45.0
16 2.08 0.89 -4.284 -4.706 1 0.0 1440.0 424.0 439.0 2.0 2.0 45.0
17 0.996 -4.165 -0.983 9.985 1 0.0 1440.0 394.0 409.0 1.0 1.0 45.0
18 7.494 3.867 -8.145 3.229 1 0.0 1440.0 517.0 532.0 4.0 4.0 45.0
19 -7.025 -4.324 -6.55 3.643 1 0.0 1440.0 113.0 128.0 5.0 5.0 45.0
20 -5.603 5.138 -1.95 0.073 1 0.0 1440.0 287.0 302.0 1.0 1.0 45.0
21 -8.063 2.064 -9.994 -4.231 1 0.0 1440.0 461.0 476.0 1.0 1.0 45.0
22 3.493 -0.201 4.452 0.233 1 0.0 1440.0 157.0 172.0 5.0 5.0 45.0
23 -7.137 4.397 -8.498 0.857 1 0.0 1440.0 182.0 197.0 2.0 2.0 45.0
24 -5.154 -4.901 -2.739 6.91 1 0.0 1440.0 188.0 203.0 4.0 4.0 45.0
25 2.344 9.757 -3.477 -7.857 1 0.0 1440.0 430.0 445.0 6.0 6.0 45.0
26 -3.706 -8.167 -5.528 -7.71 1 0.0 1440.0 483.0 498.0 4.0 4.0 45.0
27 -6.64 5.078 0.268 2.481 1 107.0 122.0 0.0 1440.0 2.0 2.0 45.0
28 -7.215 8.059 -7.286 -2.116 1 299.0 314.0 0.0 1440.0 6.0 6.0 45.0
29 3.19 7.613 1.968 2.947 1 387.0 402.0 0.0 1440.0 5.0 5.0 45.0
30 -5.623 1.794 -8.167 -0.149 1 260.0 275.0 0.0 1440.0 6.0 6.0 45.0
31 -9.351 2.377 -7.689 8.709 1 324.0 339.0 0.0 1440.0 4.0 4.0 45.0
32 -0.202 -6.03 -6.615 -2.589 1 488.0 503.0 0.0 1440.0 5.0 5.0 45.0
33 -8.22 8.487 -6.431 -9.379 1 31.0 46.0 0.0 1440.0 4.0 4.0 45.0
34 0.987 -2.761 7.965 1.621 1 155.0 170.0 0.0 1440.0 6.0 6.0 45.0
35 6.404 -2.392 -7.253 -1.802 1 192.0 207.0 0.0 1440.0 4.0 4.0 45.0
36 7.861 -0.555 3.247 0.238 1 530.0 545.0 0.0 1440.0 4.0 4.0 45.0
37 -7.76 -6.975 -8.246 -3.79 1 522.0 537.0 0.0 1440.0 3.0 3.0 45.0
38 -6.038 3.53 -7.448 1.201 1 321.0 336.0 0.0 1440.0 5.0 5.0 45.0
39 6.976 4.646 0.577 -5.415 1 195.0 210.0 0.0 1440.0 6.0 6.0 45.0
40 1.719 -9.509 6.636 -8.837 1 336.0 351.0 0.0 1440.0 3.0 3.0 45.0
41 -9.197 4.201 -0.886 -6.172 1 90.0 105.0 0.0 1440.0 5.0 5.0 45.0
42 -6.814 4.311 9.616 -3.888 1 158.0 173.0 0.0 1440.0 1.0 1.0 45.0
43 -8.323 -1.572 -3.642 5.207 1 70.0 85.0 0.0 1440.0 6.0 6.0 45.0
44 -2.894 3.178 4.535 -8.247 1 322.0 337.0 0.0 1440.0 6.0 6.0 45.0
45 -1.003 -1.41 0.839 -0.512 1 417.0 432.0 0.0 1440.0 4.0 4.0 45.0
46 -8.064 -5.422 2.805 6.137 1 537.0 552.0 0.0 1440.0 5.0 5.0 45.0
47 9.689 -1.728 -2.393 -1.883 1 157.0 172.0 0.0 1440.0 1.0 1.0 45.0
48 0.719 -9.634 -0.08 -6.103 1 526.0 541.0 0.0 1440.0 4.0 4.0 45.0
49 5.85 0.325 -9.33 -5.56 1 62.0 77.0 0.0 1440.0 4.0 4.0 45.0
50 -4.183 -4.881 -8.764 4.09 1 214.0 229.0 0.0 1440.0 3.0 3.0 45.0
51 9.774 0.196 9.819 0.099 1 9.0 24.0 0.0 1440.0 2.0 2.0 45.0
52 2.426 2.449 -5.837 -2.443 1 18.0 33.0 0.0 1440.0 3.0 3.0 45.0
53 9.321 -1.587 3.03 0.902 1 268.0 283.0 0.0 1440.0 6.0 6.0 45.0
54 -8.535 -9.378 6.761 9.319 1 123.0 138.0 0.0 1440.0 6.0 6.0 45.0
55 2.063 4.432 2.492 -6.868 4 0.0 1440.0 165.0 180.0 4.0 4.0 45.0
56 7.215 -3.921 0.348 1.218 4 0.0 1440.0 345.0 360.0 4.0 4.0 45.0
57 9.397 -3.598 -2.958 9.999 1 0.0 1440.0 61.0 76.0 1.0 1.0 45.0
58 1.717 9.36 -1.882 4.461 4 0.0 1440.0 232.0 247.0 4.0 4.0 45.0
59 -1.362 -3.399 -6.712 5.307 3 0.0 1440.0 298.0 313.0 3.0 3.0 45.0
60 3.837 -0.615 8.226 -7.285 5 0.0 1440.0 61.0 76.0 5.0 5.0 45.0
61 8.815 3.214 -1.307 8.175 1 0.0 1440.0 198.0 213.0 1.0 1.0 45.0
62 -8.11 1.214 9.012 -2.887 2 0.0 1440.0 534.0 549.0 2.0 2.0 45.0
63 -0.69 -6.168 8.075 -9.799 2 0.0 1440.0 253.0 268.0 2.0 2.0 45.0
64 4.245 6.74 4.366 -9.92 5 0.0 1440.0 517.0 532.0 5.0 5.0 45.0
65 3.013 9.338 1.845 -3.12 2 0.0 1440.0 360.0 375.0 2.0 2.0 45.0
66 2.608 -2.006 -6.417 -6.178 4 0.0 1440.0 422.0 437.0 4.0 4.0 45.0
67 -2.284 5.996 -2.456 -2.946 5 0.0 1440.0 73.0 88.0 5.0 5.0 45.0
68 8.742 -0.879 8.821 3.881 3 0.0 1440.0 336.0 351.0 3.0 3.0 45.0
69 -6.704 -4.526 -2.988 7.693 6 291.0 306.0 0.0 1440.0 6.0 6.0 45.0
70 -2.764 8.841 -9.594 -0.931 1 279.0 294.0 0.0 1440.0 1.0 1.0 45.0
71 -4.673 -9.366 -3.944 -9.595 6 129.0 144.0 0.0 1440.0 6.0 6.0 45.0
72 -5.708 -7.073 0.945 -7.22 4 420.0 435.0 0.0 1440.0 4.0 4.0 45.0
73 9.503 9.519 9.818 3.813 2 51.0 66.0 0.0 1440.0 2.0 2.0 45.0
74 9.904 5.131 2.094 -5.518 3 317.0 332.0 0.0 1440.0 3.0 3.0 45.0
75 -5.616 1.582 -2.266 -6.097 1 472.0 487.0 0.0 1440.0 1.0 1.0 45.0
76 9.921 7.853 -9.928 -9.713 2 257.0 272.0 0.0 1440.0 2.0 2.0 45.0
77 -1.586 1.196 -7.25 3.533 6 14.0 29.0 0.0 1440.0 6.0 6.0 45.0
78 -1.155 -5.59 6.822 9.041 3 234.0 249.0 0.0 1440.0 3.0 3.0 45.0
79 9.396 2.833 9.347 1.845 3 39.0 54.0 0.0 1440.0 3.0 3.0 45.0
80 2.524 4.508 -3.776 -9.063 6 308.0 323.0 0.0 1440.0 6.0 6.0 45.0
