8 64 32 5 4 6 5 3 6 3 4 1440.0
0.0 0.0
1 5.489 0.238 0.516 4.678 1 0.0 1440.0 175.0 190.0 5.0 5.0 45.0
2 7.014 7.222 -4.402 -2.399 1 0.0 1440.0 60.0 75.0 1.0 1.0 45.0
3 0.163 3.433 -1.077 4.23 1 0.0 1440.0 308.0 323.0 5.0 5.0 45.0
4 0.86 8.509 0.625 -8.903 1 0.0 1440.0 452.0 467.0 2.0 2.0 45.0
5 -4.943 7.935 -7.683 -7.721 1 0.0 1440.0 55.0 70.0 3.0 3.0 45.0
6 -7.246 -1.753 6.188 7.509 1 0.0 1440.0 607.0 622.0 5.0 5.0 45.0
7 5.975 1.8 6.288 -9.114 1 0.0 1440.0 73.0 88.0 1.0 1.0 45.0
8 0.009 -0.217 2.586 -6.558 1 0.0 1440.0 207.0 222.0 3.0 3.0 45.0
9 -7.719 -6.837 -6.17 -9.785 1 0.0 1440.0 476.0 491.0 2.0 2.0 45.0
10 8.49 5.2 3.242 -1.727 1 0.0 1440.0 111.0 126.0 6.0 6.0 45.0
11 3.191 9.692 -1.881 -1.265 1 0.0 1440.0 654.0 669.0 6.0 6.0 45.0
12 -4.175 7.268 -8.91 5.094 1 0.0 1440.0 165.0 180.0 3.0 3.0 45.0
13 8.996 -4.012 5.699 9.187 1 0.0 1440.0 349.0 364.0 4.0 4.0 45.0
14 9.017 -2.734 3.285 8.709 1 0.0 1440.0 220.0 235.0 1.0 1.0 45.0
15 7.174 -4.326 1.6 9.468 1 0.0 1440.0 250.0 265.0 2.0 2.0 45.0
16 -2.127 -2.675 0.17 -4.86 1 0.0 1440.0 612.0 627.0 2.0 2.0 45.0
17 -1.22 2.892 -5.74 4.768 1 0.0 1440.0 250.0 265.0 2.0 2.0 45.0
18 -4.401 1.42 -8.734 2.866 1 0.0 1440.0 488.0 503.0 6.0 6.0 45.0
19 3.735 7.772 7.168 1.778 1 0.0 1440.0 45.0 60.0 2.0 2.0 45.0
20 4.773 8.41 -9.72 9.812 1 0.0 1440.0 540.0 555.0 2.0 2.0 45.0
21 -0.804 9.517 4.255 -1.25 1 0.0 1440.0 346.0 361.0 4.0 4.0 45.0
22 3.567 -2.442 -3.695 -7.356 1 0.0 1440.0 69.0 84.0 5.0 5.0 45.0
23 2.96 0.743 -0.756 4.246 1 0.0 1440.0 468.0 483.0 4.0 4.0 45.0
24 5.508 3.108 -4.65 3.918 1 0.0 1440.0 614.0 629.0 2.0 2.0 45.0
25 -1.055 1.512 4.359 -1.538 1 0.0 1440.0 150.0 165.0 1.0 1.0 45.0
26 7.61 -0.499 6.676 -4.832 1 0.0 1440.0 154.0 169.0 6.0 6.0 45.0
27 -4.095 0.873 4.488 -6.19 1 0.0 1440.0 381.0 396.0 3.0 3.0 45.0
28 -4.666 9.448 -9.613 6.077 1 0.0 1440.0 375.0 390.0 5.0 5.0 45.0
29 -1.096 5.376 0.141 -7.988 1 0.0 1440.0 62.0 77.0 2.0 2.0 45.0
30 3.978 4.682 9.076 -6.522 1 0.0 1440.0 507.0 522.0 2.0 2.0 45.0
31 -3.203 -1.51 0.15 7.67 1 0.0 1440.0 570.0 585.0 5.0 5.0 45.0
32 -2.127 6.305 9.294 -2.678 1 0.0 1440.0 405.0 420.0 5.0 5.0 45.0
33 7.348 -8.92 -5.725 2.724 1 0.0 1440.0 214.0 229.0 2.0 2.0 45.0
34 3.263 8.142 -4.444 -1.84 1 647.0 662.0 0.0 1440.0 5.0 5.0 45.0
35 -3.833 8.685 0.316 -9.151 1 96.0 111.0 0.0 1440.0 5.0 5.0 45.0
36 4.851 3.08 -9.409 -6.66 1 232.0 247.0 0.0 1440.0 6.0 6.0 45.0
37 9.258 -3.666 -3.866 5.563 1 56.0 71.0 0.0 1440.0 5.0 5.0 45.0
38 -3.499 -4.02 0.804 -2.419 1 404.0 419.0 0.0 1440.0 2.0 2.0 45.0
39 2.084 8.863 -3.184 -4.836 1 565.0 580.0 0.0 1440.0 4.0 4.0 45.0
40 2.204 -6.742 -0.586 8.538 1 551.0 566.0 0.0 1440.0 2.0 2.0 45.0
41 8.49 -2.166 1.777 6.313 1 421.0 436.0 0.0 1440.0 1.0 1.0 45.0
42 0.475 -6.099 3.108 4.953 1 523.0 538.0 0.0 1440.0 1.0 1.0 45.0
43 3.225 -7.318 4.347 2.088 1 423.0 438.0 0.0 1440.0 6.0 6.0 45.0
44 -0.788 -7.747 1.715 2.469 1 238.0 253.0 0.0 1440.0 4.0 4.0 45.0
45 -0.817 8.707 0.495 6.7 1 586.0 601.0 0.0 1440.0 6.0 6.0 45.0
46 -2.256 -0.458 5.207 5.579 1 401.0 416.0 0.0 1440.0 4.0 4.0 45.0
47 -1.868 -8.101 0.172 0.814 1 46.0 61.0 0.0 1440.0 1.0 1.0 45.0
48 -6.347 3.125 1.471 -4.095 1 111.0 126.0 0.0 1440.0 2.0 2.0 45.0
49 3.134 3.871 3.124 1.841 1 349.0 364.0 0.0 1440.0 3.0 3.0 45.0
50 -0.394 -4.205 7.568 9.148 1 571.0 586.0 0.0 1440.0 4.0 4.0 45.0
51 -5.829 -3.572 -8.093 -3.93 1 286.0 301.0 0.0 1440.0 4.0 4.0 45.0
52 -6.018 7.224 5.413 7.853 1 232.0 247.0 0.0 1440.0 3.0 3.0 45.0
53 1.551 9.273 -2.662 0.86 1 430.0 445.0 0.0 1440.0 2.0 2.0 45.0
54 -7.768 -5.95 -8.324 -7.608 1 208.0 223.0 0.0 1440.0 1.0 1.0 45.0
55 -3.508 -8.258 -3.737 -6.284 1 296.0 311.0 0.0 1440.0 2.0 2.0 45.0
56 0.763 -4.143 2.558 5.379 1 61.0 76.0 0.0 1440.0 3.0 3.0 45.0
57 3.141 -0.797 8.345 2.414 1 434.0 449.0 0.0 1440.0 3.0 3.0 45.0
58 -4.538 -8.715 6.32 -9.583 1 510.0 525.0 0.0 1440.0 3.0 3.0 45.0
59 8.471 -4.298 -9.02 -9.787 1 324.0 339.0 0.0 1440.0 2.0 2.0 45.0
60 6.932 -2.485 -6.021 -3.865 1 551.0 566.0 0.0 1440.0 5.0 5.0 45.0
61 -1.822 0.626 0.402 0.554 1 48.0 63.0 0.0 1440.0 2.0 2.0 45.0
62 9.723 -4.556 -7.6 -2.762 1 60.0 75.0 0.0 1440.0 3.0 3.0 45.0
63 9.902 6.33 -5.533 4.903 1 621.0 636.0 0.0 1440.0 6.0 6.0 45.0
64 -7.882 9.281 -2.845 -2.438 1 257.0 272.0 0.0 1440.0 5.0 5.0 45.0
65 9.864 -5.934 -5.689 -3.787 5 0.0 1440.0 593.0 608.0 5.0 5.0 45.0
66 -3.73 4.755 -2.068 8.446 3 0.0 1440.0 654.0 669.0 3.0 3.0 45.0
67 -8.345 -5.089 4.747 -3.865 3 0.0 1440.0 346.0 361.0 3.0 3.0 45.0
68 1.435 5.543 7.676 -0.056 6 0.0 1440.0 72.0 87.0 6.0 6.0 45.0
69 -9.469 -0.731 -1.137 -1.222 2 0.0 1440.0 173.0 188.0 2.0 2.0 45.0
70 -4.169 -9.809 -7.652 7.631 1 0.0 1440.0 131.0 146.0 1.0 1.0 45.0
71 -0.419 -7.705 -9.656 2.744 1 0.0 1440.0 322.0 337.0 1.0 1.0 45.0
72 -8.199 -7.537 1.82 7.001 1 0.0 1440.0 676.0 691.0 1.0 1.0 45.0
73 -6.011 8.042 -4.752 -3.548 1 0.0 1440.0 643.0 658.0 1.0 1.0 45.0
74 8.196 -4.96 7.149 -6.13 5 0.0 1440.0 354.0 369.0 5.0 5.0 45.0
75 0.104 9.554 -5.51 7.429 3 0.0 1440.0 203.0 218.0 3.0 3.0 45.0
76 4.622 -0.923 8.411 -2.487 4 0.0 1440.0 458.0 473.0 4.0 4.0 45.0
77 -0.087 -8.714 -0.781 -8.667 1 0.0 1440.0 86.0 101.0 1.0 1.0 45.0
78 5.168 7.904 -2.446 2.94 6 0.0 1440.0 95.0 110.0 6.0 6.0 45.0
79 9.27 4.898 3.004 0.782 1 0.0 1440.0 639.0 654.0 1.0 1.0 45.0
80 2.719 7.823 6.79 0.861 2 467.0 482.0 0.0 1440.0 2.0 2.0 45.0
81 0.47 -5.522 1.117 -0.845 4 602.0 617.0 0.0 1440.0 4.0 4.0 45.0
82 -9.758 -2.483 1.478 -3.777 6 364.0 379.0 0.0 1440.0 6.0 6.0 45.0
83 -1.636 -4.711 -8.006 2.265 6 249.0 264.0 0.0 1440.0 6.0 6.0 45.0
84 1.329 9.309 -8.49 6.618 5 536.0 551.0 0.0 1440.0 5.0 5.0 45.0
85 -2.52 -9.84 6.374 -9.395 1 135.0 150.0 0.0 1440.0 1.0 1.0 45.0
86 -1.559 -5.385 6.86 4.236 5 586.0 601.0 0.0 1440.0 5.0 5.0 45.0
87 -2.884 4.955 -1.874 3.544 5 253.0 268.0 0.0 1440.0 5.0 5.0 45.0
88 -1.907 7.158 2.097 2.143 5 641.0 656.0 0.0 1440.0 5.0 5.0 45.0
89 -0.79 -7.624 5.46 5.066 4 302.0 317.0 0.0 1440.0 4.0 4.0 45.0
90 9.293 3.04 -8.145 -9.422 1 95.0 110.0 0.0 1440.0 1.0 1.0 45.0
91 6.06 5.001 0.365 3.218 1 313.0 328.0 0.0 1440.0 1.0 1.0 45.0
92 2.657 0.47 -9.021 8.359 1 500.0 515.0 0.0 1440.0 1.0 1.0 45.0
93 -6.042 -6.307 -2.171 6.997 3 196.0 211.0 0.0 1440.0 3.0 3.0 45.0
94 -5.608 9.818 0.341 4.862 3 33.0 48.0 0.0 1440.0 3.0 3.0 45.0
95 0.028 1.412 6.878 -9.346 3 557.0 572.0 0.0 1440.0 3.0 3.0 45.0
96 -0.601 5.645 8.351 3.092 5 133.0 148.0 0.0 1440.0 5.0 5.0 45.0
