3 16 8 4 1 6 1440.0
-1.044 2.0
1 -3.066 0.546 -4.933 3.337 1 0.0 1440.0 329.0 361.0 10.0 10.0 90.0
2 5.164 0.547 5.74 2.382 1 0.0 1440.0 209.0 252.0 10.0 10.0 90.0
3 4.891 0.627 -3.856 -0.37 1 0.0 1440.0 432.0 458.0 10.0 10.0 90.0
4 0.524 2.226 -1.678 1.954 1 0.0 1440.0 202.0 236.0 10.0 10.0 90.0
5 2.303 1.164 1.623 0.932 1 0.0 1440.0 260.0 276.0 10.0 10.0 90.0
6 2.548 0.629 0.129 0.735 1 0.0 1440.0 178.0 215.0 10.0 10.0 90.0
7 -4.261 -2.639 -2.64 2.953 1 0.0 1440.0 381.0 397.0 10.0 10.0 90.0
8 -7.667 9.934 0.435 1.469 1 325.0 358.0 0.0 1440.0 10.0 10.0 90.0
9 -2.067 5.789 -5.066 -2.313 1 111.0 152.0 0.0 1440.0 10.0 10.0 90.0
10 -5.204 0.657 -2.283 -0.981 1 395.0 421.0 0.0 1440.0 10.0 10.0 90.0
11 -4.138 5.082 -7.11 -1.862 1 386.0 401.0 0.0 1440.0 10.0 10.0 90.0
12 -9.194 2.759 -0.785 3.207 1 86.0 114.0 0.0 1440.0 10.0 10.0 90.0
13 -6.512 3.021 1.188 -2.493 1 409.0 426.0 0.0 1440.0 10.0 10.0 90.0
14 1.86 9.672 -1.893 -2.373 1 454.0 470.0 0.0 1440.0 10.0 10.0 90.0
15 2.377 2.908 1.227 -5.581 1 147.0 177.0 0.0 1440.0 10.0 10.0 90.0
16 -3.53 -2.49 4.288 -0.297 1 321.0 346.0 0.0 1440.0 10.0 10.0 90.0
17 -2.973 6.414 -5.476 1.437 1 0.0 1440.0 258.0 287.0 10.0 10.0 90.0
18 -1.317 6.934 -2.275 5.541 1 0.0 1440.0 416.0 460.0 10.0 10.0 90.0
19 -6.741 6.832 -5.662 7.334 1 0.0 1440.0 305.0 349.0 10.0 10.0 90.0
20 -6.5 7.723 -1.156 1.161 1 0.0 1440.0 225.0 252.0 10.0 10.0 90.0
21 -0.417 -0.157 -4.655 9.797 1 0.0 1440.0 102.0 123.0 10.0 10.0 90.0
22 -4.094 8.321 -1.192 1.175 1 175.0 202.0 0.0 1440.0 10.0 10.0 90.0
23 -3.776 -3.333 2.984 1.163 1 416.0 453.0 0.0 1440.0 10.0 10.0 90.0
24 -4.303 2.045 -3.793 -2.161 1 471.0 499.0 0.0 1440.0 10.0 10.0 90.0
