5 32 16 6 5 4 1 2 1440.0
3.022 2.479
1 3.359 3.075 6.888 -4.055 1 0.0 1440.0 459.0 480.0 10.0 10.0 90.0
2 3.927 -3.306 2.915 -0.996 1 0.0 1440.0 413.0 434.0 10.0 10.0 90.0
3 -2.337 8.685 8.552 3.995 1 0.0 1440.0 401.0 417.0 10.0 10.0 90.0
4 4.295 6.87 2.546 -0.029 1 0.0 1440.0 414.0 457.0 10.0 10.0 90.0
5 3.708 -0.211 1.24 0.024 1 0.0 1440.0 118.0 158.0 10.0 10.0 90.0
6 7.776 5.582 1.836 2.092 1 0.0 1440.0 148.0 169.0 10.0 10.0 90.0
7 -1.746 -5.657 2.796 -1.504 1 0.0 1440.0 165.0 208.0 10.0 10.0 90.0
8 -0.708 3.049 2.782 2.873 1 0.0 1440.0 426.0 453.0 10.0 10.0 90.0
9 -1.431 1.146 5.631 5.873 1 0.0 1440.0 220.0 241.0 10.0 10.0 90.0
10 -2.972 2.427 -5.165 -0.034 1 0.0 1440.0 195.0 215.0 10.0 10.0 90.0
11 4.322 0.074 0.258 3.272 1 0.0 1440.0 164.0 181.0 10.0 10.0 90.0
12 4.518 3.547 1.513 -0.305 1 0.0 1440.0 431.0 449.0 10.0 10.0 90.0
13 6.448 0.224 6.659 3.494 1 0.0 1440.0 417.0 439.0 10.0 10.0 90.0
14 5.508 7.224 1.948 2.014 1 0.0 1440.0 376.0 401.0 10.0 10.0 90.0
15 1.693 1.574 -0.117 2.065 1 390.0 406.0 0.0 1440.0 10.0 10.0 90.0
16 4.504 -0.372 -2.12 1.366 1 467.0 492.0 0.0 1440.0 10.0 10.0 90.0
17 -7.678 0.594 9.885 0.126 1 147.0 167.0 0.0 1440.0 10.0 10.0 90.0
18 2.922 0.894 3.002 -3.09 1 105.0 128.0 0.0 1440.0 10.0 10.0 90.0
19 6.506 0.522 3.323 4.166 1 219.0 248.0 0.0 1440.0 10.0 10.0 90.0
20 4.217 -2.228 3.949 -0.854 1 144.0 168.0 0.0 1440.0 10.0 10.0 90.0
21 2.557 3.173 5.45 7.081 1 96.0 138.0 0.0 1440.0 10.0 10.0 90.0
22 3.156 3.726 0.306 1.025 1 430.0 448.0 0.0 1440.0 10.0 10.0 90.0
23 6.65 -5.417 5.183 -1.687 1 68.0 92.0 0.0 1440.0 10.0 10.0 90.0
24 6.506 4.088 0.524 0.024 1 93.0 114.0 0.0 1440.0 10.0 10.0 90.0
25 -0.272 2.477 5.059 3.425 1 477.0 517.0 0.0 1440.0 10.0 10.0 90.0
26 8.115 -2.571 3.363 3.759 1 67.0 101.0 0.0 1440.0 10.0 10.0 90.0
27 4.276 3.809 3.071 -2.817 1 69.0 86.0 0.0 1440.0 10.0 10.0 90.0
28 0.386 -2.318 4.986 0.104 1 131.0 169.0 0.0 1440.0 10.0 10.0 90.0
29 -0.737 2.439 -3.577 1.414 1 66.0 89.0 0.0 1440.0 10.0 10.0 90.0
30 3.594 -1.183 -2.931 0.489 1 86.0 112.0 0.0 1440.0 10.0 10.0 90.0
31 3.073 3.07 2.76 1.393 1 352.0 392.0 0.0 1440.0 10.0 10.0 90.0
32 4.122 7.792 5.283 5.068 1 141.0 173.0 0.0 1440.0 10.0 10.0 90.0
33 4.883 6.531 7.631 8.667 1 0.0 1440.0 432.0 465.0 10.0 10.0 90.0
34 8.618 5.934 6.393 7.854 1 0.0 1440.0 155.0 199.0 10.0 10.0 90.0
35 4.813 9.559 3.177 0.387 1 0.0 1440.0 377.0 412.0 10.0 10.0 90.0
36 -1.636 9.331 -2.054 1.909 1 0.0 1440.0 426.0 464.0 10.0 10.0 90.0
37 -5.77 -6.56 5.535 4.382 1 0.0 1440.0 206.0 243.0 10.0 10.0 90.0
38 0.715 3.268 3.541 1.028 1 0.0 1440.0 380.0 406.0 10.0 10.0 90.0
39 5.857 5.989 -0.319 1.988 1 0.0 1440.0 255.0 298.0 10.0 10.0 90.0
40 5.778 1.534 0.933 -4.135 1 0.0 1440.0 395.0 429.0 10.0 10.0 90.0
41 -2.233 3.607 -2.058 3.818 1 0.0 1440.0 281.0 318.0 10.0 10.0 90.0
42 5.566 6.042 5.903 4.231 1 0.0 1440.0 211.0 228.0 10.0 10.0 90.0
43 3.617 0.026 8.259 7.2 1 373.0 415.0 0.0 1440.0 10.0 10.0 90.0
44 4.658 -1.794 7.642 1.135 1 337.0 352.0 0.0 1440.0 10.0 10.0 90.0
45 -4.0 0.387 -0.523 -0.208 1 145.0 176.0 0.0 1440.0 10.0 10.0 90.0
46 -7.35 5.704 2.419 2.584 1 427.0 466.0 0.0 1440.0 10.0 10.0 90.0
47 1.201 -0.796 3.144 -0.7 1 430.0 474.0 0.0 1440.0 10.0 10.0 90.0
48 5.208 0.969 1.905 4.197 1 375.0 397.0 0.0 1440.0 10.0 10.0 90.0
