9 64 32 4 5 2 4 1 6 5 3 2 1440.0
-1.228 0.916
1 3.61 6.494 -2.908 0.429 1 0.0 1440.0 279.0 317.0 10.0 10.0 90.0
2 -2.547 4.458 -1.855 -1.482 1 0.0 1440.0 473.0 514.0 10.0 10.0 90.0
3 1.495 -3.672 1.765 -5.227 1 0.0 1440.0 310.0 325.0 10.0 10.0 90.0
4 -0.148 4.72 1.691 -6.296 1 0.0 1440.0 372.0 402.0 10.0 10.0 90.0
5 0.215 -4.091 1.899 0.622 1 0.0 1440.0 104.0 119.0 10.0 10.0 90.0
6 2.299 0.14 -6.888 -6.454 1 0.0 1440.0 159.0 175.0 10.0 10.0 90.0
7 -2.886 0.596 -1.336 2.026 1 0.0 1440.0 208.0 241.0 10.0 10.0 90.0
8 -4.812 9.412 -4.444 6.372 1 0.0 1440.0 473.0 489.0 10.0 10.0 90.0
9 0.461 2.705 -5.198 2.541 1 0.0 1440.0 170.0 212.0 10.0 10.0 90.0
10 -3.667 2.31 -1.127 -3.594 1 0.0 1440.0 335.0 367.0 10.0 10.0 90.0
11 -0.422 -4.931 -1.686 0.778 1 0.0 1440.0 423.0 443.0 10.0 10.0 90.0
12 -5.696 2.791 -1.628 -0.294 1 0.0 1440.0 89.0 114.0 10.0 10.0 90.0
13 -8.099 -7.769 0.836 6.704 1 0.0 1440.0 230.0 272.0 10.0 10.0 90.0
14 -2.166 0.164 9.352 -2.023 1 0.0 1440.0 451.0 477.0 10.0 10.0 90.0
15 -2.015 -6.242 -0.933 -5.618 1 0.0 1440.0 271.0 287.0 10.0 10.0 90.0
16 -4.816 0.629 -3.444 -6.331 1 0.0 1440.0 238.0 275.0 10.0 10.0 90.0
17 -0.508 6.16 2.094 -0.565 1 0.0 1440.0 91.0 129.0 10.0 10.0 90.0
18 -1.606 0.856 -1.874 4.523 1 0.0 1440.0 413.0 431.0 10.0 10.0 90.0
19 -4.12 -4.302 -9.047 1.028 1 0.0 1440.0 472.0 506.0 10.0 10.0 90.0
20 -2.031 -2.024 -4.84 4.385 1 0.0 1440.0 410.0 450.0 10.0 10.0 90.0
21 -3.548 1.914 -4.1 2.67 1 0.0 1440.0 351.0 393.0 10.0 10.0 90.0
22 5.804 5.666 1.37 3.461 1 0.0 1440.0 144.0 162.0 10.0 10.0 90.0
23 0.045 -4.673 -3.623 5.19 1 0.0 1440.0 103.0 140.0 10.0 10.0 90.0
24 -1.969 3.898 -3.947 0.491 1 0.0 1440.0 167.0 200.0 10.0 10.0 90.0
25 -4.734 2.091 -1.657 2.377 1 0.0 1440.0 397.0 432.0 10.0 10.0 90.0
26 -7.924 -5.768 1.075 -2.855 1 0.0 1440.0 205.0 246.0 10.0 10.0 90.0
27 0.56 -3.408 -2.303 4.702 1 0.0 1440.0 253.0 289.0 10.0 10.0 90.0
28 3.445 -0.829 -0.881 2.122 1 0.0 1440.0 454.0 478.0 10.0 10.0 90.0
29 1.85 -5.115 -4.004 2.744 1 0.0 1440.0 412.0 456.0 10.0 10.0 90.0
30 -1.415 -7.416 4.822 0.009 1 0.0 1440.0 143.0 170.0 10.0 10.0 90.0
31 1.987 7.752 -0.032 6.824 1 0.0 1440.0 404.0 424.0 10.0 10.0 90.0
32 -5.008 1.787 -1.429 -3.342 1 0.0 1440.0 86.0 110.0 10.0 10.0 90.0
33 4.279 -7.988 -0.144 -3.481 1 0.0 1440.0 340.0 383.0 10.0 10.0 90.0
34 0.152 -2.903 -3.445 4.235 1 254.0 296.0 0.0 1440.0 10.0 10.0 90.0
35 1.473 -0.344 0.868 -6.618 1 379.0 401.0 0.0 1440.0 10.0 10.0 90.0
36 -2.617 -4.9 -6.125 -5.137 1 108.0 151.0 0.0 1440.0 10.0 10.0 90.0
37 -6.387 -0.527 -0.109 0.991 1 211.0 229.0 0.0 1440.0 10.0 10.0 90.0
38 -5.414 0.709 -1.657 6.655 1 467.0 504.0 0.0 1440.0 10.0 10.0 90.0
39 2.88 -0.858 1.577 1.732 1 307.0 350.0 0.0 1440.0 10.0 10.0 90.0
40 0.272 9.059 0.9 -1.869 1 227.0 264.0 0.0 1440.0 10.0 10.0 90.0
41 -4.655 4.232 0.887 4.066 1 429.0 449.0 0.0 1440.0 10.0 10.0 90.0
42 2.729 5.818 2.609 -3.397 1 404.0 424.0 0.0 1440.0 10.0 10.0 90.0
43 2.881 -2.803 -3.25 3.953 1 202.0 219.0 0.0 1440.0 10.0 10.0 90.0
44 -2.61 1.133 -3.263 -8.258 1 69.0 87.0 0.0 1440.0 10.0 10.0 90.0
45 0.054 -2.622 -9.849 2.202 1 178.0 198.0 0.0 1440.0 10.0 10.0 90.0
46 -5.046 0.781 -5.905 0.416 1 453.0 490.0 0.0 1440.0 10.0 10.0 90.0
47 -1.26 2.206 -5.96 1.247 1 471.0 492.0 0.0 1440.0 10.0 10.0 90.0
48 2.201 -0.864 -1.122 -3.183 1 327.0 352.0 0.0 1440.0 10.0 10.0 90.0
49 0.894 0.287 -1.681 -3.504 1 195.0 228.0 0.0 1440.0 10.0 10.0 90.0
50 -1.981 0.092 2.186 1.814 1 95.0 130.0 0.0 1440.0 10.0 10.0 90.0
51 1.798 -0.041 -4.882 2.557 1 255.0 275.0 0.0 1440.0 10.0 10.0 90.0
52 -1.652 6.808 1.244 -4.149 1 459.0 499.0 0.0 1440.0 10.0 10.0 90.0
53 5.663 -4.402 -1.782 -1.852 1 78.0 112.0 0.0 1440.0 10.0 10.0 90.0
54 -2.61 0.748 -1.868 4.901 1 373.0 389.0 0.0 1440.0 10.0 10.0 90.0
55 0.749 -5.724 1.214 3.004 1 267.0 282.0 0.0 1440.0 10.0 10.0 90.0
56 -2.209 5.578 0.311 -4.03 1 158.0 185.0 0.0 1440.0 10.0 10.0 90.0
57 1.987 3.882 1.713 3.708 1 385.0 410.0 0.0 1440.0 10.0 10.0 90.0
58 0.531 4.922 2.258 0.084 1 113.0 150.0 0.0 1440.0 10.0 10.0 90.0
59 0.548 -3.15 3.377 -6.711 1 100.0 141.0 0.0 1440.0 10.0 10.0 90.0
60 -7.581 0.401 7.216 3.01 1 300.0 343.0 0.0 1440.0 10.0 10.0 90.0
61 2.084 2.117 -0.518 -4.9 1 178.0 215.0 0.0 1440.0 10.0 10.0 90.0
62 0.314 -1.922 -1.934 2.112 1 450.0 474.0 0.0 1440.0 10.0 10.0 90.0
63 -0.09 -5.494 -1.678 4.344 1 357.0 376.0 0.0 1440.0 10.0 10.0 90.0
64 2.776 4.871 3.981 -4.067 1 325.0 368.0 0.0 1440.0 10.0 10.0 90.0
65 -4.463 -5.564 -5.127 4.114 1 0.0 1440.0 353.0 371.0 10.0 10.0 90.0
66 -3.395 -7.306 0.786 -4.945 1 0.0 1440.0 470.0 501.0 10.0 10.0 90.0
67 4.565 3.573 -1.912 -3.209 1 0.0 1440.0 419.0 443.0 10.0 10.0 90.0
68 0.724 1.732 -0.65 7.144 1 0.0 1440.0 379.0 423.0 10.0 10.0 90.0
69 -1.397 2.82 -0.074 5.949 1 0.0 1440.0 141.0 182.0 10.0 10.0 90.0
70 1.295 -1.169 -6.468 8.304 1 0.0 1440.0 425.0 462.0 10.0 10.0 90.0
71 0.109 -0.714 1.984 -4.981 1 0.0 1440.0 213.0 253.0 10.0 10.0 90.0
72 7.226 5.903 3.088 2.432 1 0.0 1440.0 335.0 350.0 10.0 10.0 90.0
73 1.714 -4.705 -0.342 8.959 1 0.0 1440.0 213.0 229.0 10.0 10.0 90.0
74 0.668 -2.707 0.243 -3.052 1 0.0 1440.0 73.0 91.0 10.0 10.0 90.0
75 1.503 -3.498 -2.886 5.662 1 0.0 1440.0 83.0 104.0 10.0 10.0 90.0
76 3.795 7.391 7.688 -2.99 1 0.0 1440.0 60.0 102.0 10.0 10.0 90.0
77 3.254 1.179 -3.51 4.655 1 0.0 1440.0 267.0 307.0 10.0 10.0 90.0
78 -3.669 -0.626 -7.147 1.145 1 0.0 1440.0 409.0 449.0 10.0 10.0 90.0
79 -0.435 -4.452 -3.744 -4.104 1 0.0 1440.0 230.0 271.0 10.0 10.0 90.0
80 1.793 -3.409 0.844 5.284 1 217.0 261.0 0.0 1440.0 10.0 10.0 90.0
81 -9.871 3.455 -2.203 -3.69 1 89.0 127.0 0.0 1440.0 10.0 10.0 90.0
82 -3.102 4.894 -0.458 0.349 1 378.0 422.0 0.0 1440.0 10.0 10.0 90.0
83 3.0 1.909 0.743 -0.257 1 102.0 137.0 0.0 1440.0 10.0 10.0 90.0
84 -0.423 3.125 4.504 -6.132 1 309.0 328.0 0.0 1440.0 10.0 10.0 90.0
85 -0.235 4.294 -3.218 -1.674 1 99.0 139.0 0.0 1440.0 10.0 10.0 90.0
86 -0.119 4.202 -2.108 -7.708 1 409.0 448.0 0.0 1440.0 10.0 10.0 90.0
87 5.748 3.55 4.833 9.352 1 67.0 93.0 0.0 1440.0 10.0 10.0 90.0
88 1.515 0.63 -3.043 5.294 1 291.0 328.0 0.0 1440.0 10.0 10.0 90.0
89 0.796 -2.866 0.541 0.153 1 215.0 235.0 0.0 1440.0 10.0 10.0 90.0
90 -4.367 -6.165 -2.411 -3.462 1 201.0 217.0 0.0 1440.0 10.0 10.0 90.0
91 -0.258 -6.214 1.741 7.515 1 122.0 149.0 0.0 1440.0 10.0 10.0 90.0
92 -1.884 -3.688 1.064 -6.005 1 439.0 457.0 0.0 1440.0 10.0 10.0 90.0
93 -2.036 1.888 -4.68 -1.466 1 223.0 266.0 0.0 1440.0 10.0 10.0 90.0
94 -2.955 0.928 1.409 -1.361 1 474.0 495.0 0.0 1440.0 10.0 10.0 90.0
95 0.505 -3.505 -2.106 2.602 1 129.0 150.0 0.0 1440.0 10.0 10.0 90.0
96 1.208 -4.235 5.206 3.033 1 294.0 331.0 0.0 1440.0 10.0 10.0 90.0
