13 96 48 5 5 2 3 2 3 6 4 1 4 4 1 6 1440.0
-0.268 -0.947
1 0.267 -3.522 4.028 -0.138 1 0.0 1440.0 376.0 411.0 10.0 10.0 90.0
2 3.875 0.862 -1.527 4.225 1 0.0 1440.0 433.0 463.0 10.0 10.0 90.0
3 6.265 2.067 3.322 -1.661 1 0.0 1440.0 281.0 313.0 10.0 10.0 90.0
4 6.097 -0.611 -7.239 1.307 1 0.0 1440.0 130.0 164.0 10.0 10.0 90.0
5 -9.854 -3.953 -2.449 0.527 1 0.0 1440.0 188.0 223.0 10.0 10.0 90.0
6 5.514 -3.391 -6.72 -4.134 1 0.0 1440.0 352.0 387.0 10.0 10.0 90.0
7 1.587 0.872 2.217 -4.037 1 0.0 1440.0 399.0 423.0 10.0 10.0 90.0
8 5.349 -0.331 -6.074 2.413 1 0.0 1440.0 205.0 243.0 10.0 10.0 90.0
9 -2.261 -3.279 0.198 1.752 1 0.0 1440.0 295.0 320.0 10.0 10.0 90.0
10 3.961 -0.155 -8.057 -3.82 1 0.0 1440.0 197.0 221.0 10.0 10.0 90.0
11 1.67 -2.275 -4.993 -3.671 1 0.0 1440.0 72.0 93.0 10.0 10.0 90.0
12 -5.124 -1.376 -6.045 -2.782 1 0.0 1440.0 409.0 440.0 10.0 10.0 90.0
13 -7.539 -3.081 -4.206 -2.664 1 0.0 1440.0 343.0 380.0 10.0 10.0 90.0
14 0.386 3.458 -2.416 3.92 1 0.0 1440.0 438.0 470.0 10.0 10.0 90.0
15 -3.76 -4.211 1.791 -4.044 1 0.0 1440.0 410.0 446.0 10.0 10.0 90.0
16 -6.935 -1.473 -0.169 -5.438 1 0.0 1440.0 236.0 276.0 10.0 10.0 90.0
17 5.857 2.935 -3.603 -1.707 1 0.0 1440.0 214.0 258.0 10.0 10.0 90.0
18 5.81 3.17 0.728 -0.414 1 0.0 1440.0 140.0 175.0 10.0 10.0 90.0
19 -6.225 -1.643 3.022 -0.683 1 0.0 1440.0 183.0 204.0 10.0 10.0 90.0
20 6.803 -1.248 2.877 -0.003 1 0.0 1440.0 387.0 423.0 10.0 10.0 90.0
21 -5.539 -5.105 0.36 -2.16 1 0.0 1440.0 403.0 442.0 10.0 10.0 90.0
22 3.624 -0.265 -6.495 -1.096 1 0.0 1440.0 372.0 393.0 10.0 10.0 90.0
23 -0.122 0.559 1.867 -4.101 1 0.0 1440.0 435.0 469.0 10.0 10.0 90.0
24 1.028 -2.395 2.929 1.28 1 0.0 1440.0 209.0 247.0 10.0 10.0 90.0
25 -0.716 3.686 0.453 2.665 1 0.0 1440.0 161.0 181.0 10.0 10.0 90.0
26 -9.02 6.117 2.536 2.972 1 0.0 1440.0 272.0 291.0 10.0 10.0 90.0
27 4.637 6.508 5.735 -1.54 1 0.0 1440.0 321.0 352.0 10.0 10.0 90.0
28 -6.094 -2.725 -0.185 -2.448 1 0.0 1440.0 292.0 311.0 10.0 10.0 90.0
29 3.831 5.438 -5.985 -4.894 1 0.0 1440.0 141.0 181.0 10.0 10.0 90.0
30 1.03 -4.835 -0.493 2.875 1 0.0 1440.0 468.0 487.0 10.0 10.0 90.0
31 -4.376 -3.934 -4.987 -3.534 1 0.0 1440.0 119.0 153.0 10.0 10.0 90.0
32 4.932 1.139 -6.75 0.814 1 0.0 1440.0 439.0 480.0 10.0 10.0 90.0
33 1.211 -3.439 -7.862 -2.434 1 0.0 1440.0 229.0 246.0 10.0 10.0 90.0
34 0.053 6.961 2.999 -3.106 1 0.0 1440.0 331.0 348.0 10.0 10.0 90.0
35 4.147 -3.502 -5.295 3.174 1 0.0 1440.0 334.0 352.0 10.0 10.0 90.0
36 1.186 -3.497 1.054 -6.143 1 0.0 1440.0 175.0 196.0 10.0 10.0 90.0
37 0.602 -3.102 -0.778 -5.473 1 0.0 1440.0 81.0 116.0 10.0 10.0 90.0
38 0.179 -3.254 1.105 -2.091 1 0.0 1440.0 301.0 316.0 10.0 10.0 90.0
39 2.927 -0.649 -2.436 -2.305 1 0.0 1440.0 409.0 435.0 10.0 10.0 90.0
40 2.395 1.074 0.295 -2.04 1 0.0 1440.0 111.0 155.0 10.0 10.0 90.0
41 -6.589 4.091 -8.265 2.432 1 0.0 1440.0 72.0 87.0 10.0 10.0 90.0
42 -1.01 2.626 -1.213 4.207 1 0.0 1440.0 421.0 462.0 10.0 10.0 90.0
43 -0.662 1.522 -3.914 0.629 1 0.0 1440.0 192.0 234.0 10.0 10.0 90.0
44 -0.287 -4.284 4.118 0.797 1 423.0 451.0 0.0 1440.0 10.0 10.0 90.0
45 -3.771 -0.731 0.425 1.983 1 129.0 148.0 0.0 1440.0 10.0 10.0 90.0
46 4.417 -1.122 -3.414 -3.792 1 436.0 462.0 0.0 1440.0 10.0 10.0 90.0
47 -0.391 1.007 3.789 -0.195 1 461.0 489.0 0.0 1440.0 10.0 10.0 90.0
48 5.818 2.756 -0.866 -2.511 1 267.0 291.0 0.0 1440.0 10.0 10.0 90.0
49 -6.386 2.615 1.007 3.716 1 433.0 454.0 0.0 1440.0 10.0 10.0 90.0
50 -5.679 -1.592 -4.262 -4.699 1 182.0 208.0 0.0 1440.0 10.0 10.0 90.0
51 2.222 -2.751 9.216 -9.418 1 72.0 101.0 0.0 1440.0 10.0 10.0 90.0
52 -0.103 -1.484 3.22 -3.984 1 98.0 132.0 0.0 1440.0 10.0 10.0 90.0
53 8.085 0.63 -2.675 -2.149 1 458.0 495.0 0.0 1440.0 10.0 10.0 90.0
54 0.289 1.082 -7.551 -0.071 1 111.0 140.0 0.0 1440.0 10.0 10.0 90.0
55 -3.739 -0.78 3.402 1.266 1 221.0 264.0 0.0 1440.0 10.0 10.0 90.0
56 -3.36 -2.674 -0.264 -2.083 1 225.0 247.0 0.0 1440.0 10.0 10.0 90.0
57 9.52 2.423 5.337 1.377 1 228.0 259.0 0.0 1440.0 10.0 10.0 90.0
58 -5.346 0.93 6.783 0.575 1 454.0 470.0 0.0 1440.0 10.0 10.0 90.0
59 -8.388 -5.327 0.417 -3.262 1 273.0 309.0 0.0 1440.0 10.0 10.0 90.0
60 3.026 -7.243 -2.605 -3.331 1 200.0 215.0 0.0 1440.0 10.0 10.0 90.0
61 -2.233 -2.054 3.196 -4.57 1 74.0 95.0 0.0 1440.0 10.0 10.0 90.0
62 0.374 -3.546 9.682 2.621 1 145.0 169.0 0.0 1440.0 10.0 10.0 90.0
63 -2.009 -4.398 -4.47 -3.785 1 310.0 331.0 0.0 1440.0 10.0 10.0 90.0
64 -2.045 -1.385 -3.519 1.923 1 424.0 456.0 0.0 1440.0 10.0 10.0 90.0
65 3.452 0.397 -1.423 -7.499 1 81.0 120.0 0.0 1440.0 10.0 10.0 90.0
66 2.051 -1.188 3.716 -0.084 1 203.0 223.0 0.0 1440.0 10.0 10.0 90.0
67 -4.604 -2.256 -5.17 -2.645 1 180.0 216.0 0.0 1440.0 10.0 10.0 90.0
68 -3.963 2.538 2.353 0.59 1 115.0 150.0 0.0 1440.0 10.0 10.0 90.0
69 -2.863 2.349 -1.134 -1.762 1 161.0 187.0 0.0 1440.0 10.0 10.0 90.0
70 -5.3 -1.625 -0.781 -3.59 1 408.0 428.0 0.0 1440.0 10.0 10.0 90.0
71 -0.335 -2.295 0.352 2.694 1 239.0 264.0 0.0 1440.0 10.0 10.0 90.0
72 -6.264 -2.635 -4.659 -2.227 1 92.0 135.0 0.0 1440.0 10.0 10.0 90.0
73 2.663 0.197 3.202 1.301 1 326.0 345.0 0.0 1440.0 10.0 10.0 90.0
74 -0.776 -4.243 7.778 -2.54 1 216.0 238.0 0.0 1440.0 10.0 10.0 90.0
75 2.892 -0.712 3.071 6.57 1 445.0 467.0 0.0 1440.0 10.0 10.0 90.0
76 -5.317 0.521 4.956 1.683 1 84.0 103.0 0.0 1440.0 10.0 10.0 90.0
77 1.756 1.321 -2.893 -0.044 1 121.0 146.0 0.0 1440.0 10.0 10.0 90.0
78 2.241 2.653 -0.147 0.657 1 400.0 423.0 0.0 1440.0 10.0 10.0 90.0
79 -7.309 -1.325 -0.119 1.686 1 157.0 191.0 0.0 1440.0 10.0 10.0 90.0
80 -6.5 -0.458 0.803 4.182 1 248.0 282.0 0.0 1440.0 10.0 10.0 90.0
81 -3.491 -4.39 -4.402 -2.278 1 478.0 508.0 0.0 1440.0 10.0 10.0 90.0
82 -9.235 -0.452 1.237 -1.135 1 310.0 326.0 0.0 1440.0 10.0 10.0 90.0
83 0.505 -3.732 -3.479 -1.504 1 122.0 154.0 0.0 1440.0 10.0 10.0 90.0
84 -1.908 -1.418 -9.686 -1.939 1 343.0 375.0 0.0 1440.0 10.0 10.0 90.0
85 -7.17 -1.145 3.843 -0.535 1 397.0 413.0 0.0 1440.0 10.0 10.0 90.0
86 -4.558 -2.872 -2.539 0.022 1 397.0 433.0 0.0 1440.0 10.0 10.0 90.0
87 -1.649 3.092 -2.402 9.569 1 350.0 375.0 0.0 1440.0 10.0 10.0 90.0
88 -8.342 -2.093 -0.427 3.547 1 382.0 422.0 0.0 1440.0 10.0 10.0 90.0
89 -1.205 -2.061 -0.693 0.185 1 351.0 385.0 0.0 1440.0 10.0 10.0 90.0
90 -0.718 -6.372 -7.095 -0.322 1 108.0 144.0 0.0 1440.0 10.0 10.0 90.0
91 3.455 -0.888 -3.265 -1.652 1 272.0 314.0 0.0 1440.0 10.0 10.0 90.0
92 -0.487 7.369 4.286 -2.168 1 475.0 512.0 0.0 1440.0 10.0 10.0 90.0
93 -3.601 -0.388 0.518 0.64 1 297.0 325.0 0.0 1440.0 10.0 10.0 90.0
94 -2.84 -2.182 3.692 -0.499 1 227.0 258.0 0.0 1440.0 10.0 10.0 90.0
95 -6.309 -6.257 0.769 1.406 1 281.0 319.0 0.0 1440.0 10.0 10.0 90.0
96 2.949 7.994 -6.091 1.864 1 258.0 279.0 0.0 1440.0 10.0 10.0 90.0
97 -6.617 -3.781 0.158 -1.636 1 0.0 1440.0 478.0 509.0 10.0 10.0 90.0
98 0.841 -8.127 -0.66 -3.096 1 0.0 1440.0 298.0 321.0 10.0 10.0 90.0
99 -1.457 2.606 3.129 2.133 1 0.0 1440.0 233.0 252.0 10.0 10.0 90.0
100 -3.419 -7.67 2.056 0.038 1 0.0 1440.0 368.0 407.0 10.0 10.0 90.0
101 -6.342 -2.028 3.116 0.222 1 0.0 1440.0 311.0 336.0 10.0 10.0 90.0
102 -0.936 -4.221 7.463 3.022 1 0.0 1440.0 95.0 112.0 10.0 10.0 90.0
103 -5.362 0.373 6.07 8.112 1 0.0 1440.0 285.0 312.0 10.0 10.0 90.0
104 -2.991 1.438 -7.875 -4.423 1 0.0 1440.0 396.0 411.0 10.0 10.0 90.0
105 -7.044 -2.791 5.426 -0.926 1 0.0 1440.0 143.0 161.0 10.0 10.0 90.0
106 1.059 -2.893 -5.734 -1.672 1 0.0 1440.0 228.0 245.0 10.0 10.0 90.0
107 8.634 -4.594 -0.128 -1.333 1 0.0 1440.0 438.0 457.0 10.0 10.0 90.0
108 6.944 0.138 5.983 -0.367 1 0.0 1440.0 443.0 470.0 10.0 10.0 90.0
109 -1.382 0.125 -0.351 0.626 1 0.0 1440.0 78.0 122.0 10.0 10.0 90.0
110 -2.712 -3.804 4.017 0.859 1 0.0 1440.0 270.0 302.0 10.0 10.0 90.0
111 -6.638 1.359 -2.638 -6.306 1 0.0 1440.0 442.0 460.0 10.0 10.0 90.0
112 -3.07 -4.168 0.263 0.507 1 0.0 1440.0 113.0 157.0 10.0 10.0 90.0
113 1.335 3.137 -1.157 -1.901 1 0.0 1440.0 124.0 142.0 10.0 10.0 90.0
114 -7.357 -2.884 -4.544 -7.181 1 0.0 1440.0 114.0 146.0 10.0 10.0 90.0
115 -4.153 -3.71 0.22 -0.356 1 0.0 1440.0 468.0 497.0 10.0 10.0 90.0
116 2.631 1.198 7.008 -1.782 1 0.0 1440.0 221.0 239.0 10.0 10.0 90.0
117 5.242 -2.836 -4.662 -2.353 1 0.0 1440.0 403.0 420.0 10.0 10.0 90.0
118 4.559 0.435 3.119 -1.824 1 0.0 1440.0 420.0 458.0 10.0 10.0 90.0
119 -2.599 -1.581 -4.214 -5.27 1 0.0 1440.0 283.0 304.0 10.0 10.0 90.0
120 6.525 -5.963 -1.509 1.893 1 0.0 1440.0 308.0 346.0 10.0 10.0 90.0
121 1.239 -1.625 5.147 -0.961 1 0.0 1440.0 449.0 464.0 10.0 10.0 90.0
122 -0.868 0.777 4.674 0.145 1 0.0 1440.0 122.0 160.0 10.0 10.0 90.0
123 -0.131 -5.806 -1.595 -5.601 1 0.0 1440.0 179.0 208.0 10.0 10.0 90.0
124 5.809 6.735 -9.803 -3.636 1 0.0 1440.0 405.0 431.0 10.0 10.0 90.0
125 9.002 0.948 -6.11 -1.348 1 0.0 1440.0 102.0 129.0 10.0 10.0 90.0
126 -5.87 -0.281 -0.456 2.357 1 334.0 355.0 0.0 1440.0 10.0 10.0 90.0
127 -4.137 -0.15 7.826 1.594 1 133.0 161.0 0.0 1440.0 10.0 10.0 90.0
128 -5.77 -1.048 -5.523 -1.503 1 378.0 403.0 0.0 1440.0 10.0 10.0 90.0
129 -1.39 2.933 -1.495 -4.026 1 227.0 250.0 0.0 1440.0 10.0 10.0 90.0
130 6.758 1.301 -1.322 -2.603 1 281.0 322.0 0.0 1440.0 10.0 10.0 90.0
131 -4.769 -2.11 3.342 1.179 1 403.0 438.0 0.0 1440.0 10.0 10.0 90.0
132 -0.102 5.043 -1.843 5.371 1 470.0 500.0 0.0 1440.0 10.0 10.0 90.0
133 2.54 0.053 -0.3 -0.055 1 84.0 111.0 0.0 1440.0 10.0 10.0 90.0
134 -2.99 7.292 3.215 1.715 1 453.0 470.0 0.0 1440.0 10.0 10.0 90.0
135 -0.981 3.5 -0.663 2.989 1 235.0 256.0 0.0 1440.0 10.0 10.0 90.0
136 4.769 3.611 -4.381 -4.304 1 400.0 444.0 0.0 1440.0 10.0 10.0 90.0
137 0.684 -0.25 4.036 1.638 1 429.0 452.0 0.0 1440.0 10.0 10.0 90.0
138 -1.732 9.726 2.275 4.067 1 71.0 111.0 0.0 1440.0 10.0 10.0 90.0
139 0.065 -0.85 3.328 1.588 1 453.0 483.0 0.0 1440.0 10.0 10.0 90.0
140 -2.835 -2.391 0.085 -3.186 1 181.0 214.0 0.0 1440.0 10.0 10.0 90.0
141 -5.628 -1.511 4.959 2.778 1 464.0 508.0 0.0 1440.0 10.0 10.0 90.0
142 -1.102 4.215 4.504 1.079 1 320.0 362.0 0.0 1440.0 10.0 10.0 90.0
143 -6.567 -0.024 -6.45 0.892 1 201.0 224.0 0.0 1440.0 10.0 10.0 90.0
144 4.613 -2.042 3.716 -1.499 1 165.0 184.0 0.0 1440.0 10.0 10.0 90.0
