6 48 24 6 5 1 3 4 2 1440.0
-1.217 -0.009
1 -4.029 -4.23 -2.15 6.149 1 0.0 1440.0 389.0 427.0 10.0 10.0 90.0
2 0.259 -1.5 -0.086 -1.642 1 0.0 1440.0 204.0 219.0 10.0 10.0 90.0
3 -1.319 6.65 -4.127 -7.689 1 0.0 1440.0 240.0 264.0 10.0 10.0 90.0
4 3.319 1.369 -3.026 7.47 1 0.0 1440.0 408.0 429.0 10.0 10.0 90.0
5 6.683 -3.055 -4.637 -0.151 1 0.0 1440.0 271.0 304.0 10.0 10.0 90.0
6 1.993 3.588 -7.162 7.308 1 0.0 1440.0 345.0 388.0 10.0 10.0 90.0
7 -2.777 3.227 -4.661 -3.995 1 0.0 1440.0 238.0 278.0 10.0 10.0 90.0
8 3.515 1.262 0.235 -8.181 1 0.0 1440.0 216.0 235.0 10.0 10.0 90.0
9 -3.738 1.226 -8.549 -5.406 1 0.0 1440.0 479.0 516.0 10.0 10.0 90.0
10 0.894 -0.372 -2.453 -3.173 1 0.0 1440.0 259.0 301.0 10.0 10.0 90.0
11 -5.666 2.555 -4.247 -1.501 1 0.0 1440.0 111.0 150.0 10.0 10.0 90.0
12 -5.202 -4.014 -3.362 5.033 1 0.0 1440.0 443.0 469.0 10.0 10.0 90.0
13 3.927 1.279 -8.146 -4.156 1 0.0 1440.0 313.0 338.0 10.0 10.0 90.0
14 1.976 2.123 -7.35 -4.828 1 0.0 1440.0 364.0 392.0 10.0 10.0 90.0
15 -2.307 -1.266 -0.305 7.09 1 0.0 1440.0 288.0 309.0 10.0 10.0 90.0
16 1.569 5.237 0.095 2.546 1 0.0 1440.0 77.0 98.0 10.0 10.0 90.0
17 5.877 -0.706 -5.414 1.353 1 0.0 1440.0 140.0 168.0 10.0 10.0 90.0
18 0.255 4.685 -6.833 -3.428 1 0.0 1440.0 104.0 143.0 10.0 10.0 90.0
19 -6.763 -2.068 0.471 4.867 1 0.0 1440.0 110.0 139.0 10.0 10.0 90.0
20 -7.686 -1.137 5.809 2.638 1 0.0 1440.0 266.0 295.0 10.0 10.0 90.0
21 0.929 3.962 0.523 2.607 1 0.0 1440.0 173.0 209.0 10.0 10.0 90.0
22 0.149 -6.259 0.981 3.69 1 479.0 496.0 0.0 1440.0 10.0 10.0 90.0
23 3.494 1.367 5.946 0.123 1 211.0 226.0 0.0 1440.0 10.0 10.0 90.0
24 -0.592 4.406 -4.843 -5.032 1 454.0 479.0 0.0 1440.0 10.0 10.0 90.0
25 -3.845 -2.354 4.467 2.095 1 167.0 209.0 0.0 1440.0 10.0 10.0 90.0
26 -3.539 -0.534 -1.566 1.746 1 374.0 396.0 0.0 1440.0 10.0 10.0 90.0
27 -1.95 1.352 -9.167 7.772 1 193.0 208.0 0.0 1440.0 10.0 10.0 90.0
28 -2.283 3.681 2.24 -6.008 1 216.0 255.0 0.0 1440.0 10.0 10.0 90.0
29 -6.136 -1.846 6.121 -1.35 1 318.0 336.0 0.0 1440.0 10.0 10.0 90.0
30 5.013 -6.605 2.213 -5.001 1 314.0 339.0 0.0 1440.0 10.0 10.0 90.0
31 2.565 2.414 -0.632 5.667 1 111.0 147.0 0.0 1440.0 10.0 10.0 90.0
32 6.552 4.281 -2.047 1.288 1 356.0 379.0 0.0 1440.0 10.0 10.0 90.0
33 -6.096 -4.792 -6.108 -4.477 1 75.0 111.0 0.0 1440.0 10.0 10.0 90.0
34 -0.907 4.28 -0.958 -1.937 1 210.0 236.0 0.0 1440.0 10.0 10.0 90.0
35 -1.906 0.448 0.563 -8.85 1 357.0 388.0 0.0 1440.0 10.0 10.0 90.0
36 -2.56 -1.887 4.05 3.234 1 435.0 466.0 0.0 1440.0 10.0 10.0 90.0
37 -1.871 8.43 -0.33 3.677 1 290.0 321.0 0.0 1440.0 10.0 10.0 90.0
38 -7.018 -3.917 -5.099 1.978 1 352.0 375.0 0.0 1440.0 10.0 10.0 90.0
39 -1.464 -0.045 -7.052 -0.381 1 385.0 400.0 0.0 1440.0 10.0 10.0 90.0
40 -7.647 -3.892 0.42 0.081 1 199.0 233.0 0.0 1440.0 10.0 10.0 90.0
41 4.409 1.243 0.996 2.634 1 295.0 328.0 0.0 1440.0 10.0 10.0 90.0
42 1.91 4.467 -2.187 -1.877 1 244.0 271.0 0.0 1440.0 10.0 10.0 90.0
43 -4.402 -3.994 -3.716 -3.077 1 82.0 98.0 0.0 1440.0 10.0 10.0 90.0
44 -0.297 -0.406 -8.697 1.034 1 383.0 403.0 0.0 1440.0 10.0 10.0 90.0
45 -6.188 -7.39 0.409 -1.935 1 252.0 291.0 0.0 1440.0 10.0 10.0 90.0
46 -0.564 -2.672 0.42 3.029 1 136.0 175.0 0.0 1440.0 10.0 10.0 90.0
47 4.584 -3.683 -4.202 5.399 1 150.0 191.0 0.0 1440.0 10.0 10.0 90.0
48 -3.301 1.099 6.119 -5.987 1 285.0 307.0 0.0 1440.0 10.0 10.0 90.0
49 -6.471 -1.739 0.203 2.673 1 0.0 1440.0 221.0 252.0 10.0 10.0 90.0
50 0.506 -1.435 -2.676 1.481 1 0.0 1440.0 388.0 424.0 10.0 10.0 90.0
51 7.21 2.023 -3.726 -4.486 1 0.0 1440.0 140.0 165.0 10.0 10.0 90.0
52 -2.418 -7.289 -5.116 3.497 1 0.0 1440.0 175.0 213.0 10.0 10.0 90.0
53 5.115 -1.683 -3.024 6.71 1 0.0 1440.0 386.0 420.0 10.0 10.0 90.0
54 -1.921 2.375 -4.1 -4.304 1 0.0 1440.0 375.0 393.0 10.0 10.0 90.0
55 -4.664 -5.295 -7.429 -5.231 1 0.0 1440.0 125.0 148.0 10.0 10.0 90.0
56 -1.059 -1.663 -1.761 -7.185 1 0.0 1440.0 216.0 237.0 10.0 10.0 90.0
57 8.279 2.584 2.382 1.057 1 0.0 1440.0 360.0 398.0 10.0 10.0 90.0
58 -3.309 7.227 -3.063 0.753 1 0.0 1440.0 94.0 138.0 10.0 10.0 90.0
59 -1.872 7.313 0.718 5.793 1 0.0 1440.0 100.0 122.0 10.0 10.0 90.0
60 -2.419 -3.826 1.835 3.478 1 0.0 1440.0 322.0 351.0 10.0 10.0 90.0
61 -2.037 -3.19 -4.463 -6.197 1 0.0 1440.0 165.0 190.0 10.0 10.0 90.0
62 2.604 3.597 -4.806 -3.676 1 0.0 1440.0 164.0 190.0 10.0 10.0 90.0
63 -5.739 -4.526 -0.359 -2.773 1 0.0 1440.0 170.0 192.0 10.0 10.0 90.0
64 -2.229 4.565 -4.752 1.987 1 134.0 176.0 0.0 1440.0 10.0 10.0 90.0
65 2.889 3.394 -1.923 3.277 1 330.0 349.0 0.0 1440.0 10.0 10.0 90.0
66 -0.922 -3.099 -3.003 -7.828 1 421.0 452.0 0.0 1440.0 10.0 10.0 90.0
67 -2.213 -1.707 7.366 3.294 1 184.0 204.0 0.0 1440.0 10.0 10.0 90.0
68 -5.407 -0.387 -0.262 2.213 1 186.0 220.0 0.0 1440.0 10.0 10.0 90.0
69 -2.277 -5.087 1.354 -2.131 1 400.0 442.0 0.0 1440.0 10.0 10.0 90.0
70 -2.426 3.591 -4.727 -4.633 1 387.0 416.0 0.0 1440.0 10.0 10.0 90.0
71 -5.175 -7.984 3.51 -1.089 1 207.0 237.0 0.0 1440.0 10.0 10.0 90.0
72 -2.565 -0.037 -3.467 -0.134 1 90.0 107.0 0.0 1440.0 10.0 10.0 90.0
