7 48 24 6 5 1 3 4 4 2 1440.0
-1.839 0.112
1 -5.528 -2.437 -3.744 -4.251 1 0.0 1440.0 127.0 160.0 10.0 10.0 90.0
2 -2.447 -0.382 -3.193 8.824 1 0.0 1440.0 335.0 411.0 10.0 10.0 90.0
3 -1.042 6.036 1.265 -4.834 1 0.0 1440.0 117.0 187.0 10.0 10.0 90.0
4 3.818 -3.517 -4.618 -3.827 1 0.0 1440.0 241.0 304.0 10.0 10.0 90.0
5 -6.828 9.307 -2.962 3.508 1 0.0 1440.0 375.0 447.0 10.0 10.0 90.0
6 -3.079 -5.734 1.37 4.399 1 0.0 1440.0 123.0 194.0 10.0 10.0 90.0
7 -3.706 -1.212 3.834 -4.634 1 0.0 1440.0 182.0 253.0 10.0 10.0 90.0
8 -0.263 1.663 -5.627 -6.474 1 0.0 1440.0 164.0 224.0 10.0 10.0 90.0
9 -4.158 -2.85 -8.742 9.08 1 0.0 1440.0 444.0 490.0 10.0 10.0 90.0
10 0.392 -4.784 -3.484 -2.718 1 0.0 1440.0 269.0 344.0 10.0 10.0 90.0
11 -8.329 2.632 -1.648 1.618 1 0.0 1440.0 79.0 118.0 10.0 10.0 90.0
12 -0.646 2.635 2.371 2.949 1 0.0 1440.0 284.0 318.0 10.0 10.0 90.0
13 0.329 0.673 -4.099 4.659 1 0.0 1440.0 426.0 496.0 10.0 10.0 90.0
14 -3.487 3.043 -5.352 -2.162 1 0.0 1440.0 377.0 425.0 10.0 10.0 90.0
15 1.555 -3.627 -1.756 3.749 1 0.0 1440.0 159.0 219.0 10.0 10.0 90.0
16 1.284 0.513 -3.731 5.684 1 0.0 1440.0 63.0 116.0 10.0 10.0 90.0
17 -4.845 -2.443 7.152 2.251 1 0.0 1440.0 144.0 191.0 10.0 10.0 90.0
18 -2.977 0.1 1.482 -8.212 1 0.0 1440.0 394.0 477.0 10.0 10.0 90.0
19 0.141 9.294 -3.917 4.8 1 0.0 1440.0 422.0 460.0 10.0 10.0 90.0
20 -7.93 1.538 -9.442 1.519 1 0.0 1440.0 358.0 394.0 10.0 10.0 90.0
21 4.509 -5.991 -2.065 2.455 1 0.0 1440.0 242.0 324.0 10.0 10.0 90.0
22 1.559 -2.845 -3.101 -2.111 1 395.0 469.0 0.0 1440.0 10.0 10.0 90.0
23 -7.219 2.955 -8.572 -2.801 1 187.0 253.0 0.0 1440.0 10.0 10.0 90.0
24 -7.639 -5.749 -1.575 -5.269 1 266.0 316.0 0.0 1440.0 10.0 10.0 90.0
25 -2.854 1.207 -7.166 5.118 1 419.0 452.0 0.0 1440.0 10.0 10.0 90.0
26 -0.847 1.262 3.351 -4.926 1 321.0 370.0 0.0 1440.0 10.0 10.0 90.0
27 -6.147 3.339 5.931 5.409 1 291.0 349.0 0.0 1440.0 10.0 10.0 90.0
28 -8.301 7.7 -8.996 -3.953 1 249.0 317.0 0.0 1440.0 10.0 10.0 90.0
29 -4.042 4.999 3.644 2.082 1 129.0 209.0 0.0 1440.0 10.0 10.0 90.0
30 8.383 3.391 -5.367 -5.643 1 333.0 367.0 0.0 1440.0 10.0 10.0 90.0
31 -2.056 -7.583 -3.187 3.254 1 241.0 304.0 0.0 1440.0 10.0 10.0 90.0
32 1.544 -1.872 0.566 1.276 1 127.0 208.0 0.0 1440.0 10.0 10.0 90.0
33 -5.994 -6.58 -5.29 4.28 1 192.0 279.0 0.0 1440.0 10.0 10.0 90.0
34 0.515 4.781 4.713 -4.546 1 315.0 382.0 0.0 1440.0 10.0 10.0 90.0
35 4.601 1.499 3.079 0.987 1 296.0 359.0 0.0 1440.0 10.0 10.0 90.0
36 3.989 -3.892 1.092 1.331 1 435.0 478.0 0.0 1440.0 10.0 10.0 90.0
37 9.084 -8.354 -3.299 -3.4 1 108.0 147.0 0.0 1440.0 10.0 10.0 90.0
38 0.707 0.007 -4.087 3.058 1 177.0 251.0 0.0 1440.0 10.0 10.0 90.0
39 1.896 4.009 -6.935 8.041 1 268.0 347.0 0.0 1440.0 10.0 10.0 90.0
40 -8.049 5.821 -5.897 -2.954 1 148.0 233.0 0.0 1440.0 10.0 10.0 90.0
41 6.446 -6.295 -3.685 -3.371 1 204.0 259.0 0.0 1440.0 10.0 10.0 90.0
42 -1.841 1.03 2.298 -4.101 1 85.0 136.0 0.0 1440.0 10.0 10.0 90.0
43 -4.392 6.325 -7.756 5.981 1 330.0 402.0 0.0 1440.0 10.0 10.0 90.0
44 1.135 2.622 -4.72 6.772 1 238.0 272.0 0.0 1440.0 10.0 10.0 90.0
45 7.408 -3.422 -5.568 -3.138 1 455.0 520.0 0.0 1440.0 10.0 10.0 90.0
46 1.43 -0.08 -8.523 8.879 1 289.0 352.0 0.0 1440.0 10.0 10.0 90.0
47 -9.414 -4.878 -0.392 -6.353 1 146.0 182.0 0.0 1440.0 10.0 10.0 90.0
48 -4.664 -1.646 -2.454 1.494 1 128.0 217.0 0.0 1440.0 10.0 10.0 90.0
49 -4.83 5.331 -0.368 -6.907 1 0.0 1440.0 68.0 137.0 10.0 10.0 90.0
50 -4.907 -3.849 3.489 -2.09 1 0.0 1440.0 435.0 478.0 10.0 10.0 90.0
51 2.531 -1.856 4.554 5.141 1 0.0 1440.0 307.0 351.0 10.0 10.0 90.0
52 2.459 -1.79 -1.358 -2.696 1 0.0 1440.0 73.0 146.0 10.0 10.0 90.0
53 -1.574 -4.764 -2.623 2.451 1 0.0 1440.0 162.0 221.0 10.0 10.0 90.0
54 -6.338 -2.292 9.001 -4.364 1 0.0 1440.0 398.0 448.0 10.0 10.0 90.0
55 -4.311 -4.344 -0.7 2.252 1 0.0 1440.0 87.0 175.0 10.0 10.0 90.0
56 -2.562 1.36 -2.999 -2.885 1 0.0 1440.0 205.0 286.0 10.0 10.0 90.0
57 0.208 1.288 -0.576 5.403 1 0.0 1440.0 129.0 207.0 10.0 10.0 90.0
58 -8.854 -1.046 -4.186 2.771 1 0.0 1440.0 96.0 152.0 10.0 10.0 90.0
59 0.983 3.842 3.032 -5.532 1 0.0 1440.0 393.0 474.0 10.0 10.0 90.0
60 -3.065 4.006 -0.781 1.127 1 0.0 1440.0 333.0 400.0 10.0 10.0 90.0
61 1.893 2.164 2.857 -4.991 1 0.0 1440.0 220.0 299.0 10.0 10.0 90.0
62 -3.495 -0.382 -3.096 -1.89 1 0.0 1440.0 300.0 358.0 10.0 10.0 90.0
63 8.12 -7.474 0.172 -2.045 1 0.0 1440.0 233.0 294.0 10.0 10.0 90.0
64 -4.291 -2.268 5.883 -6.304 1 456.0 530.0 0.0 1440.0 10.0 10.0 90.0
65 -6.139 2.653 -9.263 -0.66 1 173.0 206.0 0.0 1440.0 10.0 10.0 90.0
66 -3.467 -2.759 3.074 -2.844 1 242.0 302.0 0.0 1440.0 10.0 10.0 90.0
67 1.031 -1.252 -5.59 1.846 1 149.0 194.0 0.0 1440.0 10.0 10.0 90.0
68 8.298 -0.166 -4.521 -5.629 1 211.0 244.0 0.0 1440.0 10.0 10.0 90.0
69 -4.362 -2.612 -2.182 6.537 1 140.0 217.0 0.0 1440.0 10.0 10.0 90.0
70 -0.7 3.824 -2.161 3.517 1 174.0 239.0 0.0 1440.0 10.0 10.0 90.0
71 1.533 -4.217 -5.856 5.938 1 103.0 167.0 0.0 1440.0 10.0 10.0 90.0
72 -0.096 -8.1 -4.878 1.697 1 389.0 435.0 0.0 1440.0 10.0 10.0 90.0
