11 80 40 3 5 4 6 4 6 1 2 4 2 2 1440.0
0.868 -1.044
1 -3.694 -3.674 -2.573 -3.769 1 0.0 1440.0 116.0 164.0 10.0 10.0 90.0
2 -0.273 1.877 -1.536 -2.455 1 0.0 1440.0 421.0 501.0 10.0 10.0 90.0
3 3.115 4.367 -3.962 5.488 1 0.0 1440.0 406.0 479.0 10.0 10.0 90.0
4 -3.63 -2.131 -2.455 -4.322 1 0.0 1440.0 291.0 357.0 10.0 10.0 90.0
5 5.281 3.505 -2.689 -1.274 1 0.0 1440.0 79.0 152.0 10.0 10.0 90.0
6 1.127 2.066 3.416 -3.846 1 0.0 1440.0 199.0 252.0 10.0 10.0 90.0
7 -0.062 2.311 -4.731 -2.947 1 0.0 1440.0 393.0 468.0 10.0 10.0 90.0
8 4.309 -1.236 4.937 -2.559 1 0.0 1440.0 399.0 485.0 10.0 10.0 90.0
9 -0.685 2.532 2.243 -2.327 1 0.0 1440.0 282.0 370.0 10.0 10.0 90.0
10 6.388 -5.288 -1.522 0.328 1 0.0 1440.0 403.0 475.0 10.0 10.0 90.0
11 -1.367 -4.394 -1.294 -0.75 1 0.0 1440.0 193.0 280.0 10.0 10.0 90.0
12 5.941 -4.926 -1.794 0.773 1 0.0 1440.0 395.0 435.0 10.0 10.0 90.0
13 2.717 -0.571 -2.123 1.449 1 0.0 1440.0 456.0 496.0 10.0 10.0 90.0
14 3.533 -6.517 3.26 -1.494 1 0.0 1440.0 433.0 468.0 10.0 10.0 90.0
15 -1.439 -4.224 -0.574 -2.83 1 0.0 1440.0 222.0 308.0 10.0 10.0 90.0
16 1.937 3.027 -0.613 -3.962 1 0.0 1440.0 403.0 476.0 10.0 10.0 90.0
17 -3.979 1.01 -0.246 1.282 1 0.0 1440.0 200.0 266.0 10.0 10.0 90.0
18 -2.842 -4.05 -3.789 -3.612 1 0.0 1440.0 291.0 372.0 10.0 10.0 90.0
19 1.022 7.553 1.96 -1.041 1 0.0 1440.0 264.0 336.0 10.0 10.0 90.0
20 4.891 -2.029 -0.064 -2.129 1 0.0 1440.0 340.0 389.0 10.0 10.0 90.0
21 -1.896 -2.968 4.091 -3.377 1 0.0 1440.0 472.0 530.0 10.0 10.0 90.0
22 1.682 -0.666 -0.057 -6.23 1 0.0 1440.0 271.0 356.0 10.0 10.0 90.0
23 1.542 0.491 3.426 -2.389 1 0.0 1440.0 353.0 414.0 10.0 10.0 90.0
24 6.031 8.98 2.957 -2.456 1 0.0 1440.0 117.0 152.0 10.0 10.0 90.0
25 4.04 -4.537 1.638 -5.889 1 0.0 1440.0 255.0 342.0 10.0 10.0 90.0
26 -2.684 -5.427 6.188 -1.517 1 0.0 1440.0 398.0 475.0 10.0 10.0 90.0
27 6.917 7.258 4.009 -0.963 1 0.0 1440.0 298.0 344.0 10.0 10.0 90.0
28 -2.282 4.617 0.012 -0.464 1 0.0 1440.0 454.0 491.0 10.0 10.0 90.0
29 -1.426 -3.025 -0.893 -4.39 1 0.0 1440.0 114.0 164.0 10.0 10.0 90.0
30 6.304 6.002 0.755 -2.121 1 0.0 1440.0 424.0 459.0 10.0 10.0 90.0
31 -2.024 -8.197 0.395 0.73 1 0.0 1440.0 287.0 338.0 10.0 10.0 90.0
32 -4.117 -4.202 -1.512 9.202 1 0.0 1440.0 401.0 481.0 10.0 10.0 90.0
33 7.92 -2.902 8.482 -2.452 1 0.0 1440.0 127.0 185.0 10.0 10.0 90.0
34 -2.073 -0.707 -5.232 3.068 1 0.0 1440.0 129.0 167.0 10.0 10.0 90.0
35 -0.416 -5.35 0.754 1.382 1 0.0 1440.0 458.0 528.0 10.0 10.0 90.0
36 3.959 -4.046 -2.148 3.036 1 0.0 1440.0 89.0 154.0 10.0 10.0 90.0
37 -4.713 -7.785 3.605 2.988 1 0.0 1440.0 359.0 435.0 10.0 10.0 90.0
38 -0.123 4.918 1.278 -4.094 1 0.0 1440.0 108.0 188.0 10.0 10.0 90.0
39 -0.013 -2.026 -1.585 -5.946 1 0.0 1440.0 219.0 271.0 10.0 10.0 90.0
40 6.639 -2.669 2.927 -0.222 1 0.0 1440.0 453.0 502.0 10.0 10.0 90.0
41 1.354 -2.087 -1.73 -3.53 1 0.0 1440.0 339.0 410.0 10.0 10.0 90.0
42 5.421 -0.654 5.705 -5.035 1 0.0 1440.0 163.0 206.0 10.0 10.0 90.0
43 2.205 -3.414 2.694 1.744 1 334.0 410.0 0.0 1440.0 10.0 10.0 90.0
44 -0.972 0.471 -0.62 -0.888 1 86.0 167.0 0.0 1440.0 10.0 10.0 90.0
45 -1.158 -4.686 1.698 -1.632 1 91.0 157.0 0.0 1440.0 10.0 10.0 90.0
46 -0.29 -0.03 8.371 -3.252 1 213.0 288.0 0.0 1440.0 10.0 10.0 90.0
47 1.748 2.775 1.506 6.7 1 135.0 187.0 0.0 1440.0 10.0 10.0 90.0
48 0.297 -4.369 2.582 -0.584 1 317.0 398.0 0.0 1440.0 10.0 10.0 90.0
49 -4.435 -3.82 1.367 -1.483 1 443.0 508.0 0.0 1440.0 10.0 10.0 90.0
50 -5.94 0.151 4.832 -0.516 1 479.0 525.0 0.0 1440.0 10.0 10.0 90.0
51 -0.552 -5.195 -1.851 6.54 1 138.0 185.0 0.0 1440.0 10.0 10.0 90.0
52 1.932 2.95 3.777 -1.6 1 235.0 281.0 0.0 1440.0 10.0 10.0 90.0
53 2.625 3.674 4.797 -3.031 1 389.0 465.0 0.0 1440.0 10.0 10.0 90.0
54 4.371 -2.803 3.881 3.624 1 424.0 477.0 0.0 1440.0 10.0 10.0 90.0
55 -0.844 -0.012 2.866 -0.199 1 129.0 175.0 0.0 1440.0 10.0 10.0 90.0
56 0.607 -1.613 6.052 6.342 1 433.0 508.0 0.0 1440.0 10.0 10.0 90.0
57 2.709 -0.51 6.32 -4.777 1 477.0 544.0 0.0 1440.0 10.0 10.0 90.0
58 2.753 -1.534 -1.531 -2.329 1 303.0 343.0 0.0 1440.0 10.0 10.0 90.0
59 2.531 1.269 3.206 -1.018 1 75.0 159.0 0.0 1440.0 10.0 10.0 90.0
60 -0.314 -1.384 -0.363 2.543 1 137.0 196.0 0.0 1440.0 10.0 10.0 90.0
61 -0.315 -5.543 -2.527 -1.218 1 162.0 204.0 0.0 1440.0 10.0 10.0 90.0
62 5.301 8.49 5.693 -7.551 1 320.0 351.0 0.0 1440.0 10.0 10.0 90.0
63 4.343 -1.844 3.252 -2.952 1 233.0 274.0 0.0 1440.0 10.0 10.0 90.0
64 8.795 9.401 1.137 -0.834 1 260.0 313.0 0.0 1440.0 10.0 10.0 90.0
65 3.91 -4.874 1.713 -2.465 1 404.0 455.0 0.0 1440.0 10.0 10.0 90.0
66 7.2 -0.925 -3.239 -5.088 1 474.0 547.0 0.0 1440.0 10.0 10.0 90.0
67 -3.773 0.335 2.304 -1.45 1 474.0 562.0 0.0 1440.0 10.0 10.0 90.0
68 -6.597 -3.675 -2.186 -3.95 1 448.0 479.0 0.0 1440.0 10.0 10.0 90.0
69 -1.667 -3.528 3.201 7.733 1 434.0 506.0 0.0 1440.0 10.0 10.0 90.0
70 1.074 -0.467 1.383 -7.619 1 84.0 118.0 0.0 1440.0 10.0 10.0 90.0
71 1.559 -0.582 -0.805 -2.118 1 142.0 174.0 0.0 1440.0 10.0 10.0 90.0
72 2.161 -1.811 2.539 4.661 1 248.0 336.0 0.0 1440.0 10.0 10.0 90.0
73 9.415 -0.449 6.342 -0.864 1 137.0 167.0 0.0 1440.0 10.0 10.0 90.0
74 -1.744 -7.08 -2.106 -4.15 1 441.0 502.0 0.0 1440.0 10.0 10.0 90.0
75 -5.509 -4.385 2.845 1.024 1 146.0 179.0 0.0 1440.0 10.0 10.0 90.0
76 -0.944 2.372 1.625 -2.258 1 203.0 244.0 0.0 1440.0 10.0 10.0 90.0
77 -1.675 -0.081 -2.736 -5.018 1 133.0 205.0 0.0 1440.0 10.0 10.0 90.0
78 1.472 -2.372 2.628 -0.599 1 237.0 291.0 0.0 1440.0 10.0 10.0 90.0
79 -0.51 -4.673 -1.852 -2.949 1 179.0 256.0 0.0 1440.0 10.0 10.0 90.0
80 -0.883 5.574 -1.713 -1.94 1 418.0 448.0 0.0 1440.0 10.0 10.0 90.0
81 6.599 -4.983 0.585 -0.319 1 0.0 1440.0 459.0 510.0 10.0 10.0 90.0
82 3.112 -3.591 4.379 -1.11 1 0.0 1440.0 124.0 200.0 10.0 10.0 90.0
83 0.279 0.801 1.766 -2.56 1 0.0 1440.0 217.0 268.0 10.0 10.0 90.0
84 0.685 1.907 0.37 -1.645 1 0.0 1440.0 217.0 263.0 10.0 10.0 90.0
85 -2.793 -2.371 -3.755 -2.961 1 0.0 1440.0 107.0 185.0 10.0 10.0 90.0
86 3.324 -3.049 2.555 0.367 1 0.0 1440.0 379.0 467.0 10.0 10.0 90.0
87 -0.065 -2.75 -2.211 2.643 1 0.0 1440.0 70.0 110.0 10.0 10.0 90.0
88 7.0 -2.084 0.35 -1.971 1 0.0 1440.0 286.0 362.0 10.0 10.0 90.0
89 -1.575 -4.02 -0.647 0.847 1 0.0 1440.0 259.0 297.0 10.0 10.0 90.0
90 2.708 0.973 1.085 -1.875 1 0.0 1440.0 231.0 265.0 10.0 10.0 90.0
91 2.22 -0.922 5.01 0.864 1 0.0 1440.0 406.0 467.0 10.0 10.0 90.0
92 -0.083 -0.653 4.684 0.471 1 0.0 1440.0 436.0 501.0 10.0 10.0 90.0
93 0.745 1.85 -3.895 5.294 1 0.0 1440.0 185.0 263.0 10.0 10.0 90.0
94 0.251 -3.042 -0.978 2.679 1 0.0 1440.0 328.0 360.0 10.0 10.0 90.0
95 7.605 1.207 -0.714 -5.743 1 0.0 1440.0 144.0 231.0 10.0 10.0 90.0
96 -0.037 -2.726 -1.729 -1.025 1 0.0 1440.0 417.0 481.0 10.0 10.0 90.0
97 3.154 -0.872 -1.054 1.24 1 0.0 1440.0 397.0 466.0 10.0 10.0 90.0
98 0.61 -6.409 -1.26 -5.893 1 0.0 1440.0 266.0 300.0 10.0 10.0 90.0
99 1.384 -4.445 1.245 3.459 1 367.0 446.0 0.0 1440.0 10.0 10.0 90.0
100 -1.345 -7.553 1.349 1.974 1 357.0 444.0 0.0 1440.0 10.0 10.0 90.0
101 -0.959 -2.688 1.755 3.838 1 206.0 288.0 0.0 1440.0 10.0 10.0 90.0
102 -5.203 -3.534 -1.609 -4.284 1 150.0 211.0 0.0 1440.0 10.0 10.0 90.0
103 8.911 6.212 -0.586 -0.186 1 222.0 266.0 0.0 1440.0 10.0 10.0 90.0
104 4.251 3.206 -0.287 0.079 1 478.0 519.0 0.0 1440.0 10.0 10.0 90.0
105 4.778 -1.277 -1.863 -2.567 1 388.0 420.0 0.0 1440.0 10.0 10.0 90.0
106 1.248 -7.81 1.048 2.289 1 475.0 527.0 0.0 1440.0 10.0 10.0 90.0
107 -2.104 -0.343 0.182 -0.301 1 389.0 439.0 0.0 1440.0 10.0 10.0 90.0
108 3.564 -4.755 1.389 -3.623 1 471.0 530.0 0.0 1440.0 10.0 10.0 90.0
109 0.66 -5.458 0.48 -0.729 1 64.0 128.0 0.0 1440.0 10.0 10.0 90.0
110 -4.834 -2.648 -3.366 -4.124 1 123.0 201.0 0.0 1440.0 10.0 10.0 90.0
111 0.978 4.928 4.954 -5.464 1 222.0 293.0 0.0 1440.0 10.0 10.0 90.0
112 1.038 -1.63 0.23 -0.554 1 361.0 400.0 0.0 1440.0 10.0 10.0 90.0
113 -0.145 -0.086 5.242 2.99 1 268.0 305.0 0.0 1440.0 10.0 10.0 90.0
114 -0.622 2.53 0.93 -1.625 1 212.0 272.0 0.0 1440.0 10.0 10.0 90.0
115 -0.625 1.022 3.484 -9.619 1 358.0 438.0 0.0 1440.0 10.0 10.0 90.0
116 0.898 3.541 -3.664 -3.403 1 392.0 441.0 0.0 1440.0 10.0 10.0 90.0
117 6.685 -3.784 -5.37 1.133 1 207.0 241.0 0.0 1440.0 10.0 10.0 90.0
118 3.347 2.003 -3.152 3.459 1 120.0 187.0 0.0 1440.0 10.0 10.0 90.0
119 6.639 -7.011 -1.461 -3.151 1 252.0 317.0 0.0 1440.0 10.0 10.0 90.0
120 -0.566 0.888 -0.424 -3.087 1 312.0 392.0 0.0 1440.0 10.0 10.0 90.0
