4 24 12 3 4 1 6 1440.0
1.063 0.933
1 -9.27 -5.918 -1.632 -1.127 1 0.0 1440.0 282.0 369.0 10.0 10.0 90.0
2 1.268 -5.747 0.92 -1.86 1 0.0 1440.0 82.0 152.0 10.0 10.0 90.0
3 -3.235 -2.097 -3.595 -1.914 1 0.0 1440.0 376.0 426.0 10.0 10.0 90.0
4 1.32 -1.914 1.147 6.823 1 0.0 1440.0 465.0 514.0 10.0 10.0 90.0
5 5.488 -4.117 -2.276 4.55 1 0.0 1440.0 210.0 281.0 10.0 10.0 90.0
6 1.506 -2.517 -6.567 -2.312 1 0.0 1440.0 284.0 373.0 10.0 10.0 90.0
7 -5.06 -1.642 0.724 0.16 1 0.0 1440.0 405.0 447.0 10.0 10.0 90.0
8 -2.973 1.708 -2.978 -1.129 1 0.0 1440.0 330.0 412.0 10.0 10.0 90.0
9 1.754 0.158 -8.905 1.621 1 0.0 1440.0 471.0 503.0 10.0 10.0 90.0
10 -5.601 -1.039 -1.704 4.977 1 0.0 1440.0 265.0 301.0 10.0 10.0 90.0
11 1.072 -1.879 -0.358 1.334 1 95.0 169.0 0.0 1440.0 10.0 10.0 90.0
12 5.309 -1.875 3.301 5.896 1 216.0 293.0 0.0 1440.0 10.0 10.0 90.0
13 0.157 0.753 -9.295 6.326 1 141.0 176.0 0.0 1440.0 10.0 10.0 90.0
14 -6.683 -3.785 -3.996 0.62 1 303.0 384.0 0.0 1440.0 10.0 10.0 90.0
15 3.254 2.31 -2.854 -0.348 1 78.0 135.0 0.0 1440.0 10.0 10.0 90.0
16 -5.145 -3.644 3.141 3.686 1 207.0 249.0 0.0 1440.0 10.0 10.0 90.0
17 3.646 -2.264 -4.943 6.06 1 345.0 377.0 0.0 1440.0 10.0 10.0 90.0
18 -3.121 4.349 -7.283 -2.776 1 180.0 216.0 0.0 1440.0 10.0 10.0 90.0
19 -1.039 3.449 6.008 -4.591 1 237.0 304.0 0.0 1440.0 10.0 10.0 90.0
20 4.71 -2.139 2.512 0.767 1 362.0 404.0 0.0 1440.0 10.0 10.0 90.0
21 4.378 3.477 -4.7 -1.747 1 324.0 362.0 0.0 1440.0 10.0 10.0 90.0
22 5.355 -6.749 1.606 3.302 1 345.0 414.0 0.0 1440.0 10.0 10.0 90.0
23 6.338 1.198 6.832 -0.514 1 229.0 284.0 0.0 1440.0 10.0 10.0 90.0
24 4.719 -0.547 -1.31 6.216 1 291.0 356.0 0.0 1440.0 10.0 10.0 90.0
25 7.118 1.254 7.89 1.765 1 0.0 1440.0 257.0 293.0 10.0 10.0 90.0
26 3.154 6.664 7.982 2.227 1 0.0 1440.0 400.0 462.0 10.0 10.0 90.0
27 -0.469 2.554 1.288 1.692 1 0.0 1440.0 211.0 292.0 10.0 10.0 90.0
28 -3.019 6.777 -6.798 -0.375 1 0.0 1440.0 478.0 550.0 10.0 10.0 90.0
29 1.991 4.897 2.877 4.528 1 0.0 1440.0 388.0 428.0 10.0 10.0 90.0
30 1.113 7.722 -4.689 -0.336 1 0.0 1440.0 191.0 252.0 10.0 10.0 90.0
31 3.375 7.126 -1.497 3.062 1 0.0 1440.0 331.0 411.0 10.0 10.0 90.0
32 5.787 -1.629 3.163 5.362 1 0.0 1440.0 374.0 444.0 10.0 10.0 90.0
33 3.153 4.894 -0.914 -2.293 1 230.0 312.0 0.0 1440.0 10.0 10.0 90.0
34 -7.074 6.224 2.843 -1.921 1 86.0 131.0 0.0 1440.0 10.0 10.0 90.0
35 1.472 -1.083 1.087 -0.39 1 286.0 326.0 0.0 1440.0 10.0 10.0 90.0
36 2.68 4.652 2.541 -1.17 1 84.0 159.0 0.0 1440.0 10.0 10.0 90.0
