6 48 24 6 5 1 3 4 2 1440.0
-1.217 -0.009
1 -4.029 -4.23 -2.15 6.149 1 0.0 1440.0 410.0 462.0 10.0 10.0 90.0
2 0.259 -1.5 -0.086 -1.642 1 0.0 1440.0 229.0 264.0 10.0 10.0 90.0
3 -1.319 6.65 -4.127 -7.689 1 0.0 1440.0 108.0 140.0 10.0 10.0 90.0
4 3.319 1.369 -3.026 7.47 1 0.0 1440.0 334.0 365.0 10.0 10.0 90.0
5 6.683 -3.055 -4.637 -0.151 1 0.0 1440.0 146.0 214.0 10.0 10.0 90.0
6 1.993 3.588 -7.162 7.308 1 0.0 1440.0 158.0 241.0 10.0 10.0 90.0
7 -2.777 3.227 -4.661 -3.995 1 0.0 1440.0 181.0 228.0 10.0 10.0 90.0
8 3.515 1.262 0.235 -8.181 1 0.0 1440.0 467.0 497.0 10.0 10.0 90.0
9 -3.738 1.226 -8.549 -5.406 1 0.0 1440.0 429.0 464.0 10.0 10.0 90.0
10 0.894 -0.372 -2.453 -3.173 1 0.0 1440.0 138.0 185.0 10.0 10.0 90.0
11 -5.666 2.555 -4.247 -1.501 1 0.0 1440.0 175.0 240.0 10.0 10.0 90.0
12 -5.202 -4.014 -3.362 5.033 1 0.0 1440.0 221.0 259.0 10.0 10.0 90.0
13 3.927 1.279 -8.146 -4.156 1 0.0 1440.0 184.0 244.0 10.0 10.0 90.0
14 1.976 2.123 -7.35 -4.828 1 0.0 1440.0 142.0 229.0 10.0 10.0 90.0
15 -2.307 -1.266 -0.305 7.09 1 0.0 1440.0 277.0 331.0 10.0 10.0 90.0
16 1.569 5.237 0.095 2.546 1 0.0 1440.0 311.0 386.0 10.0 10.0 90.0
17 5.877 -0.706 -5.414 1.353 1 0.0 1440.0 184.0 267.0 10.0 10.0 90.0
18 0.255 4.685 -6.833 -3.428 1 0.0 1440.0 451.0 501.0 10.0 10.0 90.0
19 -6.763 -2.068 0.471 4.867 1 0.0 1440.0 464.0 499.0 10.0 10.0 90.0
20 -7.686 -1.137 5.809 2.638 1 0.0 1440.0 431.0 517.0 10.0 10.0 90.0
21 0.929 3.962 0.523 2.607 1 0.0 1440.0 113.0 156.0 10.0 10.0 90.0
22 0.149 -6.259 0.981 3.69 1 282.0 369.0 0.0 1440.0 10.0 10.0 90.0
23 3.494 1.367 5.946 0.123 1 257.0 293.0 0.0 1440.0 10.0 10.0 90.0
24 -0.592 4.406 -4.843 -5.032 1 211.0 292.0 0.0 1440.0 10.0 10.0 90.0
25 -3.845 -2.354 4.467 2.095 1 478.0 550.0 0.0 1440.0 10.0 10.0 90.0
26 -3.539 -0.534 -1.566 1.746 1 376.0 426.0 0.0 1440.0 10.0 10.0 90.0
27 -1.95 1.352 -9.167 7.772 1 388.0 428.0 0.0 1440.0 10.0 10.0 90.0
28 -2.283 3.681 2.24 -6.008 1 284.0 373.0 0.0 1440.0 10.0 10.0 90.0
29 -6.136 -1.846 6.121 -1.35 1 405.0 447.0 0.0 1440.0 10.0 10.0 90.0
30 5.013 -6.605 2.213 -5.001 1 330.0 412.0 0.0 1440.0 10.0 10.0 90.0
31 2.565 2.414 -0.632 5.667 1 471.0 503.0 0.0 1440.0 10.0 10.0 90.0
32 6.552 4.281 -2.047 1.288 1 191.0 252.0 0.0 1440.0 10.0 10.0 90.0
33 -6.096 -4.792 -6.108 -4.477 1 331.0 411.0 0.0 1440.0 10.0 10.0 90.0
34 -0.907 4.28 -0.958 -1.937 1 265.0 301.0 0.0 1440.0 10.0 10.0 90.0
35 -1.906 0.448 0.563 -8.85 1 459.0 506.0 0.0 1440.0 10.0 10.0 90.0
36 -2.56 -1.887 4.05 3.234 1 124.0 192.0 0.0 1440.0 10.0 10.0 90.0
37 -1.871 8.43 -0.33 3.677 1 70.0 112.0 0.0 1440.0 10.0 10.0 90.0
38 -7.018 -3.917 -5.099 1.978 1 196.0 272.0 0.0 1440.0 10.0 10.0 90.0
39 -1.464 -0.045 -7.052 -0.381 1 290.0 326.0 0.0 1440.0 10.0 10.0 90.0
40 -7.647 -3.892 0.42 0.081 1 462.0 522.0 0.0 1440.0 10.0 10.0 90.0
41 4.409 1.243 0.996 2.634 1 239.0 287.0 0.0 1440.0 10.0 10.0 90.0
42 1.91 4.467 -2.187 -1.877 1 187.0 218.0 0.0 1440.0 10.0 10.0 90.0
43 -4.402 -3.994 -3.716 -3.077 1 134.0 220.0 0.0 1440.0 10.0 10.0 90.0
44 -0.297 -0.406 -8.697 1.034 1 438.0 477.0 0.0 1440.0 10.0 10.0 90.0
45 -6.188 -7.39 0.409 -1.935 1 348.0 416.0 0.0 1440.0 10.0 10.0 90.0
46 -0.564 -2.672 0.42 3.029 1 84.0 124.0 0.0 1440.0 10.0 10.0 90.0
47 4.584 -3.683 -4.202 5.399 1 377.0 407.0 0.0 1440.0 10.0 10.0 90.0
48 -3.301 1.099 6.119 -5.987 1 195.0 262.0 0.0 1440.0 10.0 10.0 90.0
49 -6.471 -1.739 0.203 2.673 1 0.0 1440.0 114.0 167.0 10.0 10.0 90.0
50 0.506 -1.435 -2.676 1.481 1 0.0 1440.0 262.0 297.0 10.0 10.0 90.0
51 7.21 2.023 -3.726 -4.486 1 0.0 1440.0 436.0 520.0 10.0 10.0 90.0
52 -2.418 -7.289 -5.116 3.497 1 0.0 1440.0 426.0 498.0 10.0 10.0 90.0
53 5.115 -1.683 -3.024 6.71 1 0.0 1440.0 89.0 121.0 10.0 10.0 90.0
54 -1.921 2.375 -4.1 -4.304 1 0.0 1440.0 185.0 247.0 10.0 10.0 90.0
55 -4.664 -5.295 -7.429 -5.231 1 0.0 1440.0 249.0 316.0 10.0 10.0 90.0
56 -1.059 -1.663 -1.761 -7.185 1 0.0 1440.0 132.0 192.0 10.0 10.0 90.0
57 8.279 2.584 2.382 1.057 1 0.0 1440.0 224.0 275.0 10.0 10.0 90.0
58 -3.309 7.227 -3.063 0.753 1 0.0 1440.0 77.0 128.0 10.0 10.0 90.0
59 -1.872 7.313 0.718 5.793 1 0.0 1440.0 442.0 494.0 10.0 10.0 90.0
60 -2.419 -3.826 1.835 3.478 1 0.0 1440.0 98.0 173.0 10.0 10.0 90.0
61 -2.037 -3.19 -4.463 -6.197 1 0.0 1440.0 73.0 132.0 10.0 10.0 90.0
62 2.604 3.597 -4.806 -3.676 1 0.0 1440.0 384.0 438.0 10.0 10.0 90.0
63 -5.739 -4.526 -0.359 -2.773 1 0.0 1440.0 384.0 453.0 10.0 10.0 90.0
64 -2.229 4.565 -4.752 1.987 1 400.0 462.0 0.0 1440.0 10.0 10.0 90.0
65 2.889 3.394 -1.923 3.277 1 82.0 152.0 0.0 1440.0 10.0 10.0 90.0
66 -0.922 -3.099 -3.003 -7.828 1 465.0 514.0 0.0 1440.0 10.0 10.0 90.0
67 -2.213 -1.707 7.366 3.294 1 210.0 281.0 0.0 1440.0 10.0 10.0 90.0
68 -5.407 -0.387 -0.262 2.213 1 332.0 380.0 0.0 1440.0 10.0 10.0 90.0
69 -2.277 -5.087 1.354 -2.131 1 143.0 230.0 0.0 1440.0 10.0 10.0 90.0
70 -2.426 3.591 -4.727 -4.633 1 477.0 519.0 0.0 1440.0 10.0 10.0 90.0
71 -5.175 -7.984 3.51 -1.089 1 259.0 313.0 0.0 1440.0 10.0 10.0 90.0
72 -2.565 -0.037 -3.467 -0.134 1 82.0 132.0 0.0 1440.0 10.0 10.0 90.0
