8 72 36 6 5 3 1 2 5 2 4 1440.0
0.387 -0.26
1 3.406 -5.936 -0.661 -3.016 1 0.0 1440.0 301.0 378.0 10.0 10.0 90.0
2 2.092 -5.258 1.21 2.384 1 0.0 1440.0 462.0 493.0 10.0 10.0 90.0
3 -5.403 -5.313 4.978 0.687 1 0.0 1440.0 161.0 222.0 10.0 10.0 90.0
4 0.81 8.072 -5.302 -2.148 1 0.0 1440.0 181.0 268.0 10.0 10.0 90.0
5 8.13 1.341 5.496 0.298 1 0.0 1440.0 172.0 203.0 10.0 10.0 90.0
6 1.446 -0.297 0.487 -6.959 1 0.0 1440.0 413.0 472.0 10.0 10.0 90.0
7 -5.254 6.011 3.395 4.521 1 0.0 1440.0 382.0 451.0 10.0 10.0 90.0
8 -5.72 -3.423 -3.217 -2.362 1 0.0 1440.0 309.0 342.0 10.0 10.0 90.0
9 -1.975 -1.028 3.174 3.397 1 0.0 1440.0 236.0 297.0 10.0 10.0 90.0
10 3.452 3.284 -5.106 -4.655 1 0.0 1440.0 201.0 274.0 10.0 10.0 90.0
11 8.003 0.527 1.177 1.113 1 0.0 1440.0 357.0 441.0 10.0 10.0 90.0
12 1.46 1.137 2.793 2.932 1 0.0 1440.0 451.0 518.0 10.0 10.0 90.0
13 -2.099 -8.051 3.374 6.659 1 0.0 1440.0 308.0 358.0 10.0 10.0 90.0
14 5.934 -3.186 -2.463 -6.87 1 0.0 1440.0 427.0 473.0 10.0 10.0 90.0
15 -1.399 -4.562 4.466 2.046 1 0.0 1440.0 394.0 432.0 10.0 10.0 90.0
16 3.24 -3.253 4.545 -2.107 1 0.0 1440.0 185.0 253.0 10.0 10.0 90.0
17 0.283 5.082 -3.737 -1.21 1 0.0 1440.0 325.0 358.0 10.0 10.0 90.0
18 -1.366 1.864 -4.282 -3.017 1 0.0 1440.0 111.0 177.0 10.0 10.0 90.0
19 5.813 4.661 -3.673 -0.893 1 0.0 1440.0 415.0 484.0 10.0 10.0 90.0
20 -0.48 4.304 -3.13 -8.381 1 0.0 1440.0 296.0 330.0 10.0 10.0 90.0
21 6.862 -1.962 -2.679 1.251 1 0.0 1440.0 151.0 210.0 10.0 10.0 90.0
22 3.792 6.36 -3.936 -5.852 1 0.0 1440.0 356.0 434.0 10.0 10.0 90.0
23 -3.795 0.169 4.337 0.419 1 0.0 1440.0 329.0 401.0 10.0 10.0 90.0
24 -4.05 0.804 -3.823 -0.945 1 0.0 1440.0 467.0 523.0 10.0 10.0 90.0
25 -0.839 -3.868 -2.561 -9.924 1 0.0 1440.0 420.0 466.0 10.0 10.0 90.0
26 -3.673 2.549 4.806 2.952 1 0.0 1440.0 92.0 151.0 10.0 10.0 90.0
27 -4.775 -5.007 -4.363 -3.232 1 0.0 1440.0 201.0 253.0 10.0 10.0 90.0
28 2.26 -2.836 -1.66 -2.933 1 0.0 1440.0 361.0 418.0 10.0 10.0 90.0
29 -3.637 -4.816 -2.981 -1.241 1 0.0 1440.0 474.0 561.0 10.0 10.0 90.0
30 -6.452 -1.323 -0.18 -1.867 1 0.0 1440.0 177.0 226.0 10.0 10.0 90.0
31 0.126 2.916 1.874 2.14 1 0.0 1440.0 465.0 502.0 10.0 10.0 90.0
32 -0.157 -3.597 6.012 0.779 1 0.0 1440.0 467.0 528.0 10.0 10.0 90.0
33 4.675 0.67 4.308 4.202 1 0.0 1440.0 344.0 406.0 10.0 10.0 90.0
34 8.208 2.706 -3.944 -0.59 1 0.0 1440.0 309.0 392.0 10.0 10.0 90.0
35 7.469 1.937 -3.589 -1.603 1 0.0 1440.0 72.0 120.0 10.0 10.0 90.0
36 4.702 0.934 -4.183 3.899 1 0.0 1440.0 355.0 437.0 10.0 10.0 90.0
37 -6.204 -2.133 8.45 2.982 1 0.0 1440.0 477.0 527.0 10.0 10.0 90.0
38 0.919 2.004 -1.756 -1.048 1 0.0 1440.0 305.0 392.0 10.0 10.0 90.0
39 1.003 -6.374 1.609 -0.249 1 101.0 133.0 0.0 1440.0 10.0 10.0 90.0
40 7.181 2.65 6.553 1.403 1 278.0 327.0 0.0 1440.0 10.0 10.0 90.0
41 -1.054 -3.131 -1.877 -2.366 1 477.0 556.0 0.0 1440.0 10.0 10.0 90.0
42 0.825 -9.115 -9.11 -8.074 1 436.0 488.0 0.0 1440.0 10.0 10.0 90.0
43 7.282 -3.892 -2.109 -1.329 1 346.0 400.0 0.0 1440.0 10.0 10.0 90.0
44 -3.016 3.878 4.699 1.722 1 194.0 253.0 0.0 1440.0 10.0 10.0 90.0
45 -5.626 -0.555 -6.196 -3.304 1 314.0 377.0 0.0 1440.0 10.0 10.0 90.0
46 -0.84 -3.76 -0.9 -2.545 1 70.0 142.0 0.0 1440.0 10.0 10.0 90.0
47 -6.02 2.429 -2.559 -1.084 1 121.0 181.0 0.0 1440.0 10.0 10.0 90.0
48 -1.379 -2.711 3.656 -0.244 1 219.0 258.0 0.0 1440.0 10.0 10.0 90.0
49 -3.48 -2.22 0.714 2.482 1 388.0 464.0 0.0 1440.0 10.0 10.0 90.0
50 6.964 8.306 -4.317 -3.049 1 87.0 170.0 0.0 1440.0 10.0 10.0 90.0
51 4.863 0.302 1.97 1.077 1 426.0 468.0 0.0 1440.0 10.0 10.0 90.0
52 3.626 2.678 5.439 0.863 1 284.0 367.0 0.0 1440.0 10.0 10.0 90.0
53 5.996 2.431 6.42 7.761 1 242.0 303.0 0.0 1440.0 10.0 10.0 90.0
54 5.53 0.663 4.038 0.161 1 361.0 410.0 0.0 1440.0 10.0 10.0 90.0
55 -4.889 -7.11 7.427 -1.992 1 370.0 413.0 0.0 1440.0 10.0 10.0 90.0
56 0.949 -4.19 2.971 1.545 1 391.0 476.0 0.0 1440.0 10.0 10.0 90.0
57 -5.467 -1.844 2.378 1.218 1 79.0 135.0 0.0 1440.0 10.0 10.0 90.0
58 1.098 -0.761 4.258 4.533 1 288.0 329.0 0.0 1440.0 10.0 10.0 90.0
59 -4.031 -0.745 -1.47 -0.012 1 204.0 277.0 0.0 1440.0 10.0 10.0 90.0
60 6.224 4.363 -1.977 0.839 1 350.0 404.0 0.0 1440.0 10.0 10.0 90.0
61 2.908 6.312 -3.027 1.489 1 318.0 396.0 0.0 1440.0 10.0 10.0 90.0
62 -1.207 -2.151 -6.312 -6.746 1 123.0 182.0 0.0 1440.0 10.0 10.0 90.0
63 -6.309 -6.011 7.948 -2.487 1 429.0 491.0 0.0 1440.0 10.0 10.0 90.0
64 3.365 -0.093 3.514 1.473 1 412.0 460.0 0.0 1440.0 10.0 10.0 90.0
65 -1.222 1.415 -4.937 -0.905 1 91.0 154.0 0.0 1440.0 10.0 10.0 90.0
66 -0.076 4.134 5.75 1.633 1 461.0 514.0 0.0 1440.0 10.0 10.0 90.0
67 -3.701 0.648 1.846 1.973 1 161.0 209.0 0.0 1440.0 10.0 10.0 90.0
68 -5.366 2.169 3.582 1.976 1 110.0 195.0 0.0 1440.0 10.0 10.0 90.0
69 -0.461 -1.381 -5.638 -4.276 1 368.0 450.0 0.0 1440.0 10.0 10.0 90.0
70 4.847 -6.604 -0.568 3.385 1 403.0 439.0 0.0 1440.0 10.0 10.0 90.0
71 9.285 4.559 4.792 1.363 1 206.0 246.0 0.0 1440.0 10.0 10.0 90.0
72 3.356 2.806 -1.072 -0.208 1 248.0 312.0 0.0 1440.0 10.0 10.0 90.0
73 -4.123 -6.636 4.732 2.441 1 0.0 1440.0 69.0 109.0 10.0 10.0 90.0
74 -3.854 -3.74 -6.196 2.624 1 0.0 1440.0 108.0 193.0 10.0 10.0 90.0
75 4.106 2.293 2.388 0.981 1 0.0 1440.0 232.0 283.0 10.0 10.0 90.0
76 -6.555 -4.022 -1.755 -4.676 1 0.0 1440.0 192.0 222.0 10.0 10.0 90.0
77 -2.696 -8.701 4.537 2.213 1 0.0 1440.0 92.0 168.0 10.0 10.0 90.0
78 0.319 -8.865 -0.522 -2.311 1 0.0 1440.0 352.0 413.0 10.0 10.0 90.0
79 -3.984 -6.773 -3.976 -1.302 1 0.0 1440.0 277.0 346.0 10.0 10.0 90.0
80 4.824 4.728 -9.181 2.986 1 0.0 1440.0 475.0 554.0 10.0 10.0 90.0
81 -6.608 -3.469 4.2 0.015 1 0.0 1440.0 185.0 228.0 10.0 10.0 90.0
82 -5.934 1.277 3.491 -0.458 1 0.0 1440.0 161.0 223.0 10.0 10.0 90.0
83 -0.513 -1.846 -6.514 -4.308 1 0.0 1440.0 118.0 167.0 10.0 10.0 90.0
84 -2.296 -2.173 2.027 -0.5 1 0.0 1440.0 192.0 272.0 10.0 10.0 90.0
85 -4.96 -7.662 -2.698 -1.957 1 0.0 1440.0 293.0 356.0 10.0 10.0 90.0
86 0.125 -2.655 -3.437 0.061 1 0.0 1440.0 412.0 483.0 10.0 10.0 90.0
87 7.545 -1.342 -5.191 -2.871 1 0.0 1440.0 61.0 98.0 10.0 10.0 90.0
88 -0.309 2.158 -4.838 -4.892 1 0.0 1440.0 200.0 238.0 10.0 10.0 90.0
89 -7.545 1.309 -4.934 -1.797 1 343.0 432.0 0.0 1440.0 10.0 10.0 90.0
90 1.884 -3.802 -0.293 1.322 1 105.0 137.0 0.0 1440.0 10.0 10.0 90.0
91 1.502 1.371 3.366 -0.767 1 332.0 399.0 0.0 1440.0 10.0 10.0 90.0
92 -4.444 3.009 -2.123 0.075 1 106.0 180.0 0.0 1440.0 10.0 10.0 90.0
93 -1.531 5.171 -0.649 -2.942 1 391.0 444.0 0.0 1440.0 10.0 10.0 90.0
94 3.996 4.83 -4.171 -0.513 1 442.0 495.0 0.0 1440.0 10.0 10.0 90.0
95 -0.234 -6.291 -7.4 -5.463 1 436.0 486.0 0.0 1440.0 10.0 10.0 90.0
96 -6.982 -5.035 -1.673 -1.656 1 457.0 542.0 0.0 1440.0 10.0 10.0 90.0
97 1.473 2.891 8.603 3.892 1 64.0 150.0 0.0 1440.0 10.0 10.0 90.0
98 -8.997 5.151 -4.947 -1.758 1 331.0 420.0 0.0 1440.0 10.0 10.0 90.0
99 8.069 3.298 5.489 1.202 1 151.0 232.0 0.0 1440.0 10.0 10.0 90.0
100 -5.339 -1.424 -5.303 -3.318 1 366.0 396.0 0.0 1440.0 10.0 10.0 90.0
101 -5.328 -6.414 -0.041 1.664 1 385.0 461.0 0.0 1440.0 10.0 10.0 90.0
102 7.326 1.067 2.159 1.614 1 247.0 296.0 0.0 1440.0 10.0 10.0 90.0
103 5.961 1.345 -4.692 -4.926 1 467.0 520.0 0.0 1440.0 10.0 10.0 90.0
104 -3.689 1.837 7.187 2.903 1 364.0 438.0 0.0 1440.0 10.0 10.0 90.0
105 5.38 3.699 -2.58 2.516 1 153.0 227.0 0.0 1440.0 10.0 10.0 90.0
106 -4.639 -2.093 5.404 -0.529 1 181.0 250.0 0.0 1440.0 10.0 10.0 90.0
107 -1.504 -4.085 -6.307 2.738 1 235.0 286.0 0.0 1440.0 10.0 10.0 90.0
108 -7.362 -0.955 -1.686 -4.977 1 149.0 182.0 0.0 1440.0 10.0 10.0 90.0
