10 96 48 4 5 4 2 3 6 3 2 5 1 1440.0
-1.437 -2.034
1 1.821 0.137 -3.033 -0.058 1 0.0 1440.0 314.0 391.0 10.0 10.0 90.0
2 5.795 -4.878 -1.682 1.766 1 0.0 1440.0 174.0 210.0 10.0 10.0 90.0
3 -5.243 -8.409 5.266 2.903 1 0.0 1440.0 471.0 505.0 10.0 10.0 90.0
4 6.08 -3.259 -1.199 -8.377 1 0.0 1440.0 284.0 370.0 10.0 10.0 90.0
5 2.315 0.42 4.163 4.305 1 0.0 1440.0 358.0 426.0 10.0 10.0 90.0
6 -3.756 -4.173 -2.638 1.378 1 0.0 1440.0 122.0 208.0 10.0 10.0 90.0
7 -1.452 4.896 2.843 1.057 1 0.0 1440.0 71.0 104.0 10.0 10.0 90.0
8 -0.778 4.435 2.82 -2.975 1 0.0 1440.0 390.0 471.0 10.0 10.0 90.0
9 2.08 1.076 -3.961 -3.359 1 0.0 1440.0 388.0 466.0 10.0 10.0 90.0
10 -2.971 -4.633 -1.922 -0.513 1 0.0 1440.0 67.0 120.0 10.0 10.0 90.0
11 -2.02 -5.956 -1.011 6.998 1 0.0 1440.0 314.0 361.0 10.0 10.0 90.0
12 -8.708 -5.29 2.289 -4.435 1 0.0 1440.0 267.0 332.0 10.0 10.0 90.0
13 -2.407 -5.593 -2.375 -5.601 1 0.0 1440.0 341.0 376.0 10.0 10.0 90.0
14 1.273 -4.097 4.734 1.736 1 0.0 1440.0 144.0 176.0 10.0 10.0 90.0
15 -3.099 0.765 -0.471 1.406 1 0.0 1440.0 463.0 506.0 10.0 10.0 90.0
16 -5.248 0.971 1.914 4.115 1 0.0 1440.0 204.0 292.0 10.0 10.0 90.0
17 3.394 -4.872 -5.471 -1.76 1 0.0 1440.0 306.0 343.0 10.0 10.0 90.0
18 -1.313 -5.36 1.174 -8.317 1 0.0 1440.0 394.0 460.0 10.0 10.0 90.0
19 -9.959 2.33 -4.058 -5.325 1 0.0 1440.0 276.0 330.0 10.0 10.0 90.0
20 -1.403 -1.982 -3.127 -3.461 1 0.0 1440.0 474.0 519.0 10.0 10.0 90.0
21 -1.026 -8.177 1.341 -2.23 1 0.0 1440.0 205.0 277.0 10.0 10.0 90.0
22 3.586 0.56 -9.589 -8.632 1 0.0 1440.0 313.0 393.0 10.0 10.0 90.0
23 -1.16 4.291 8.898 -5.339 1 0.0 1440.0 93.0 153.0 10.0 10.0 90.0
24 -3.466 -1.547 -5.505 -3.254 1 0.0 1440.0 417.0 463.0 10.0 10.0 90.0
25 6.685 0.114 2.785 -1.003 1 0.0 1440.0 289.0 367.0 10.0 10.0 90.0
26 0.687 -0.142 4.092 -3.609 1 0.0 1440.0 273.0 341.0 10.0 10.0 90.0
27 0.166 -0.223 -5.835 1.581 1 0.0 1440.0 345.0 404.0 10.0 10.0 90.0
28 -3.798 -0.636 -0.865 3.171 1 0.0 1440.0 219.0 287.0 10.0 10.0 90.0
29 -5.654 -4.233 -2.617 -5.615 1 0.0 1440.0 233.0 316.0 10.0 10.0 90.0
30 -5.624 -0.308 7.164 -3.698 1 0.0 1440.0 439.0 471.0 10.0 10.0 90.0
31 -3.428 -0.141 -0.291 3.62 1 0.0 1440.0 289.0 374.0 10.0 10.0 90.0
32 -6.418 6.381 -5.325 1.41 1 0.0 1440.0 332.0 370.0 10.0 10.0 90.0
33 -3.886 4.211 -1.906 -5.692 1 0.0 1440.0 237.0 298.0 10.0 10.0 90.0
34 2.363 2.764 3.785 -0.552 1 0.0 1440.0 66.0 140.0 10.0 10.0 90.0
35 2.573 -2.584 0.234 -1.652 1 0.0 1440.0 478.0 557.0 10.0 10.0 90.0
36 -4.098 -1.69 -4.862 -1.239 1 0.0 1440.0 79.0 131.0 10.0 10.0 90.0
37 -5.481 -0.194 1.602 1.117 1 0.0 1440.0 173.0 234.0 10.0 10.0 90.0
38 -5.394 -2.966 -8.041 -6.058 1 0.0 1440.0 382.0 422.0 10.0 10.0 90.0
39 1.609 -2.789 -9.507 4.429 1 0.0 1440.0 295.0 345.0 10.0 10.0 90.0
40 -5.944 3.649 -0.689 2.488 1 0.0 1440.0 107.0 143.0 10.0 10.0 90.0
41 3.447 2.539 -0.48 2.167 1 0.0 1440.0 170.0 245.0 10.0 10.0 90.0
42 -0.928 -0.669 0.704 -4.534 1 0.0 1440.0 167.0 198.0 10.0 10.0 90.0
43 2.781 0.651 3.32 -5.229 1 0.0 1440.0 388.0 465.0 10.0 10.0 90.0
44 4.215 -2.558 -5.928 3.967 1 290.0 348.0 0.0 1440.0 10.0 10.0 90.0
45 8.22 8.583 3.005 -3.682 1 299.0 335.0 0.0 1440.0 10.0 10.0 90.0
46 -4.777 -3.559 0.935 -3.904 1 250.0 339.0 0.0 1440.0 10.0 10.0 90.0
47 -5.576 -3.349 2.086 -2.647 1 250.0 281.0 0.0 1440.0 10.0 10.0 90.0
48 2.555 -0.38 -3.698 -9.295 1 301.0 346.0 0.0 1440.0 10.0 10.0 90.0
49 -4.337 -0.738 -0.376 5.987 1 216.0 292.0 0.0 1440.0 10.0 10.0 90.0
50 6.03 5.264 1.168 -6.334 1 377.0 464.0 0.0 1440.0 10.0 10.0 90.0
51 -9.616 3.41 0.447 -3.613 1 64.0 118.0 0.0 1440.0 10.0 10.0 90.0
52 -3.281 -0.385 4.704 -4.125 1 179.0 249.0 0.0 1440.0 10.0 10.0 90.0
53 -3.113 -9.385 -7.057 -0.704 1 195.0 244.0 0.0 1440.0 10.0 10.0 90.0
54 -1.701 -2.186 5.626 0.182 1 303.0 353.0 0.0 1440.0 10.0 10.0 90.0
55 -0.839 -0.226 4.621 -5.352 1 423.0 458.0 0.0 1440.0 10.0 10.0 90.0
56 3.583 1.315 0.637 -1.426 1 288.0 342.0 0.0 1440.0 10.0 10.0 90.0
57 2.932 5.447 -3.454 -3.95 1 300.0 336.0 0.0 1440.0 10.0 10.0 90.0
58 -0.293 2.704 -6.144 -1.09 1 101.0 182.0 0.0 1440.0 10.0 10.0 90.0
59 -4.085 -4.774 4.966 2.447 1 431.0 517.0 0.0 1440.0 10.0 10.0 90.0
60 -1.288 -0.204 -6.978 -4.141 1 197.0 254.0 0.0 1440.0 10.0 10.0 90.0
61 -5.178 0.728 -1.894 5.769 1 143.0 214.0 0.0 1440.0 10.0 10.0 90.0
62 -3.292 2.383 -2.245 1.577 1 156.0 243.0 0.0 1440.0 10.0 10.0 90.0
63 1.398 -3.452 -0.76 3.703 1 337.0 381.0 0.0 1440.0 10.0 10.0 90.0
64 9.186 0.554 4.553 -0.513 1 446.0 485.0 0.0 1440.0 10.0 10.0 90.0
65 -2.844 -3.418 -3.355 -2.559 1 338.0 382.0 0.0 1440.0 10.0 10.0 90.0
66 3.384 2.788 -0.464 5.375 1 257.0 301.0 0.0 1440.0 10.0 10.0 90.0
67 9.843 3.135 -4.112 -1.336 1 307.0 357.0 0.0 1440.0 10.0 10.0 90.0
68 -5.775 -2.775 2.301 -4.57 1 200.0 237.0 0.0 1440.0 10.0 10.0 90.0
69 3.759 4.977 -0.682 -1.987 1 163.0 209.0 0.0 1440.0 10.0 10.0 90.0
70 -0.369 0.737 5.297 5.141 1 451.0 501.0 0.0 1440.0 10.0 10.0 90.0
71 -9.824 6.166 -2.866 -5.094 1 110.0 170.0 0.0 1440.0 10.0 10.0 90.0
72 -2.356 -3.252 6.968 -5.152 1 437.0 467.0 0.0 1440.0 10.0 10.0 90.0
73 7.151 1.165 7.213 6.54 1 447.0 518.0 0.0 1440.0 10.0 10.0 90.0
74 -8.395 0.218 1.832 -3.775 1 452.0 540.0 0.0 1440.0 10.0 10.0 90.0
75 1.109 -4.094 1.812 0.048 1 281.0 362.0 0.0 1440.0 10.0 10.0 90.0
76 -8.61 -5.981 -4.457 -4.405 1 101.0 166.0 0.0 1440.0 10.0 10.0 90.0
77 -2.234 -7.828 -2.806 -5.944 1 241.0 312.0 0.0 1440.0 10.0 10.0 90.0
78 8.133 -4.424 0.439 -3.849 1 342.0 376.0 0.0 1440.0 10.0 10.0 90.0
79 5.19 1.989 -4.459 -3.533 1 458.0 524.0 0.0 1440.0 10.0 10.0 90.0
80 -3.497 -2.786 -5.671 -3.925 1 233.0 267.0 0.0 1440.0 10.0 10.0 90.0
81 -5.148 -2.325 1.345 -3.216 1 106.0 154.0 0.0 1440.0 10.0 10.0 90.0
82 -0.065 -4.606 -2.034 -1.118 1 90.0 153.0 0.0 1440.0 10.0 10.0 90.0
83 -1.515 -2.548 4.058 -5.449 1 146.0 203.0 0.0 1440.0 10.0 10.0 90.0
84 2.241 -3.438 3.195 -2.542 1 157.0 235.0 0.0 1440.0 10.0 10.0 90.0
85 3.618 -1.043 -5.743 3.853 1 77.0 116.0 0.0 1440.0 10.0 10.0 90.0
86 -2.364 -4.768 4.751 -4.204 1 387.0 451.0 0.0 1440.0 10.0 10.0 90.0
87 1.682 -1.272 -0.226 -0.508 1 378.0 415.0 0.0 1440.0 10.0 10.0 90.0
88 9.338 2.3 -2.717 -2.794 1 269.0 310.0 0.0 1440.0 10.0 10.0 90.0
89 4.034 -2.418 -2.405 -4.719 1 399.0 454.0 0.0 1440.0 10.0 10.0 90.0
90 0.553 -0.49 -7.752 -5.508 1 462.0 529.0 0.0 1440.0 10.0 10.0 90.0
91 -7.801 0.127 -6.204 -4.344 1 105.0 172.0 0.0 1440.0 10.0 10.0 90.0
92 5.157 -4.567 -7.194 -2.016 1 353.0 386.0 0.0 1440.0 10.0 10.0 90.0
93 4.925 -3.09 -6.65 -3.979 1 158.0 194.0 0.0 1440.0 10.0 10.0 90.0
94 -6.22 -2.14 1.459 4.844 1 113.0 163.0 0.0 1440.0 10.0 10.0 90.0
95 0.136 -0.356 0.965 3.951 1 369.0 405.0 0.0 1440.0 10.0 10.0 90.0
96 -1.552 1.643 1.604 1.668 1 235.0 323.0 0.0 1440.0 10.0 10.0 90.0
97 1.28 0.189 0.23 0.554 1 0.0 1440.0 72.0 111.0 10.0 10.0 90.0
98 2.538 2.299 0.851 -0.254 1 0.0 1440.0 299.0 353.0 10.0 10.0 90.0
99 2.551 -5.298 3.151 -0.898 1 0.0 1440.0 354.0 432.0 10.0 10.0 90.0
100 -4.926 -4.172 -0.334 -3.624 1 0.0 1440.0 279.0 358.0 10.0 10.0 90.0
101 4.123 -2.45 0.597 2.729 1 0.0 1440.0 440.0 515.0 10.0 10.0 90.0
102 -2.186 0.092 -3.213 -4.507 1 0.0 1440.0 128.0 177.0 10.0 10.0 90.0
103 -4.818 -1.628 3.11 -0.792 1 0.0 1440.0 367.0 401.0 10.0 10.0 90.0
104 0.305 -0.63 -3.474 0.058 1 0.0 1440.0 215.0 246.0 10.0 10.0 90.0
105 1.187 0.526 -4.495 -7.773 1 0.0 1440.0 280.0 314.0 10.0 10.0 90.0
106 -2.28 0.566 6.907 -9.713 1 0.0 1440.0 266.0 318.0 10.0 10.0 90.0
107 -5.19 0.941 1.217 -5.987 1 0.0 1440.0 436.0 466.0 10.0 10.0 90.0
108 3.751 0.046 -5.237 -5.024 1 0.0 1440.0 101.0 183.0 10.0 10.0 90.0
109 0.295 -0.856 3.922 -2.977 1 0.0 1440.0 476.0 521.0 10.0 10.0 90.0
110 0.055 0.364 -4.232 -6.06 1 0.0 1440.0 141.0 214.0 10.0 10.0 90.0
111 0.644 -0.352 -0.642 2.197 1 0.0 1440.0 435.0 465.0 10.0 10.0 90.0
112 -2.468 1.661 -0.367 -2.687 1 0.0 1440.0 75.0 135.0 10.0 10.0 90.0
113 3.756 1.145 -5.216 -7.472 1 0.0 1440.0 440.0 522.0 10.0 10.0 90.0
114 5.167 -2.634 -6.677 -3.494 1 0.0 1440.0 153.0 198.0 10.0 10.0 90.0
115 1.902 -1.089 -3.337 -6.202 1 0.0 1440.0 418.0 496.0 10.0 10.0 90.0
116 0.11 -1.462 -3.987 -5.338 1 0.0 1440.0 80.0 128.0 10.0 10.0 90.0
117 -2.367 -1.529 -9.692 0.841 1 0.0 1440.0 301.0 387.0 10.0 10.0 90.0
118 -4.708 -2.039 6.732 -3.973 1 0.0 1440.0 379.0 452.0 10.0 10.0 90.0
119 -3.371 0.838 -0.653 1.198 1 0.0 1440.0 332.0 398.0 10.0 10.0 90.0
120 3.429 2.603 1.643 3.322 1 0.0 1440.0 63.0 104.0 10.0 10.0 90.0
121 -9.273 4.489 2.519 -2.105 1 0.0 1440.0 412.0 448.0 10.0 10.0 90.0
122 -6.714 -6.708 -1.648 4.866 1 0.0 1440.0 469.0 513.0 10.0 10.0 90.0
123 7.701 -0.61 -4.262 -5.001 1 0.0 1440.0 259.0 316.0 10.0 10.0 90.0
124 -8.556 -2.048 3.129 -3.99 1 0.0 1440.0 266.0 350.0 10.0 10.0 90.0
125 2.952 1.835 1.498 2.617 1 0.0 1440.0 326.0 386.0 10.0 10.0 90.0
126 2.202 -2.035 -1.065 5.443 1 199.0 261.0 0.0 1440.0 10.0 10.0 90.0
127 6.201 -0.145 1.962 1.786 1 215.0 291.0 0.0 1440.0 10.0 10.0 90.0
128 -4.783 -4.52 2.994 -5.871 1 388.0 461.0 0.0 1440.0 10.0 10.0 90.0
129 4.835 -0.878 -5.054 2.836 1 278.0 309.0 0.0 1440.0 10.0 10.0 90.0
130 -1.662 -5.539 -3.082 1.79 1 301.0 364.0 0.0 1440.0 10.0 10.0 90.0
131 -3.583 -2.383 2.744 1.755 1 215.0 301.0 0.0 1440.0 10.0 10.0 90.0
132 -4.389 1.301 1.723 0.51 1 374.0 458.0 0.0 1440.0 10.0 10.0 90.0
133 2.298 -1.811 3.688 -1.737 1 248.0 291.0 0.0 1440.0 10.0 10.0 90.0
134 4.391 -0.298 -1.966 4.204 1 254.0 322.0 0.0 1440.0 10.0 10.0 90.0
135 -4.301 -3.87 -7.137 5.986 1 312.0 376.0 0.0 1440.0 10.0 10.0 90.0
136 2.717 -1.333 -0.111 -3.068 1 112.0 153.0 0.0 1440.0 10.0 10.0 90.0
137 -3.873 -3.359 -0.795 0.464 1 450.0 525.0 0.0 1440.0 10.0 10.0 90.0
138 -0.123 -2.867 -3.737 -2.853 1 405.0 475.0 0.0 1440.0 10.0 10.0 90.0
139 6.822 -6.699 0.344 -5.273 1 285.0 347.0 0.0 1440.0 10.0 10.0 90.0
140 -1.472 3.268 -2.814 -4.161 1 68.0 152.0 0.0 1440.0 10.0 10.0 90.0
141 -0.505 0.731 3.137 -2.946 1 238.0 279.0 0.0 1440.0 10.0 10.0 90.0
142 0.173 -7.022 0.651 -4.612 1 439.0 526.0 0.0 1440.0 10.0 10.0 90.0
143 -3.16 -6.094 0.774 -7.538 1 446.0 503.0 0.0 1440.0 10.0 10.0 90.0
144 -4.7 -5.556 -2.717 -0.446 1 115.0 187.0 0.0 1440.0 10.0 10.0 90.0
